177	-0.004083	-0.002852
177.0005	-0.010484	-0.008734
177.001	0.017043	0.018588
177.0015	-0.002686	-0.001508
177.002	-0.005125	-0.003745
177.0025	-0.000166	0.000882
177.003	0.003505	0.004521
177.0035	0.003326	0.004309
177.004	0.001795	0.002464
177.0045	0.006059	0.006333
177.005	-0.003862	-0.003564
177.0055	-0.005817	-0.005273
177.006	-0.036195	-0.035795
177.0065	-0.002715	-0.001829
177.007	-0.004815	-0.004046
177.0075	0.000106	0.000912
177.008	-0.000353	0.001075
177.0085	0.003135	0.004164
177.009	-0.002945	-0.001564
177.0095	-0.003534	-0.002346
177.01	0.007751	0.009019
177.0105	-0.002731	-0.001546
177.011	-0.000192	0.000909
177.0115	0.001198	0.002396
177.012	-0.004144	-0.003128
177.0125	-0.003546	-0.002511
177.013	-0.001168	-8.895094e-05
177.0135	-0.002723	-0.001584
177.014	-0.010422	-0.009224
177.0145	-0.006321	-0.005245
177.015	-0.016018	-0.01492
177.0155	0.004692	0.006067
177.016	0.001621	0.002779
177.0165	0.001381	0.002629
177.017	-0.004615	-0.003584
177.0175	-0.000622	0.000217
177.018	-0.003812	-0.002656
177.0185	-0.000538	0.000324
177.019	-0.000202	0.001338
177.0195	-0.003817	-0.0024
177.02	-0.007406	-0.006105
177.0205	-0.000385	0.000936
177.021	0.005959	0.007415
177.0215	0.004311	0.005699
177.022	0.005043	0.006008
177.0225	-0.006731	-0.006032
177.023	-0.014658	-0.014233
177.0235	0.000613	0.001225
177.024	0.001375	0.002187
177.0245	3.451374e-05	0.000305
177.025	0.003633	0.004379
177.0255	-0.000246	0.000394
177.026	0.000475	0.001074
177.0265	0.000348	0.00111
177.027	0.002199	0.003289
177.0275	0.010062	0.011297
177.028	0.01756	0.019368
177.0285	-0.009323	-0.008534
177.029	-0.00094	0.000527
177.0295	0.01531	0.017351
177.03	-0.012567	-0.011381
177.0305	-0.007373	-0.006402
177.031	0.003092	0.004169
177.0315	-0.001363	-0.000472
177.032	0.002194	0.003239
177.0325	-0.0004	0.000356
177.033	-0.002684	-0.001712
177.0335	-0.003606	-0.002733
177.034	0.000726	0.001961
177.0345	-0.001633	-0.000382
177.035	0.002134	0.003527
177.0355	0.002953	0.004147
177.036	0.001513	0.002812
177.0365	0.002296	0.003526
177.037	0.00251	0.003679
177.0375	0.001419	0.002546
177.038	-0.003199	-0.001929
177.0385	-0.000619	0.000341
177.039	0.007695	0.008851
177.0395	-0.000192	0.000555
177.04	0.006267	0.007702
177.0405	0.003	0.0046
177.041	-0.000715	0.000703
177.0415	-0.003877	-0.002508
177.042	-0.000242	0.000736
177.0425	-0.004712	-0.003657
177.043	0.002142	0.003088
177.0435	-0.007903	-0.006739
177.044	0.003393	0.004295
177.0445	-0.033728	-0.033003
177.045	0.014163	0.014857
177.0455	0.00363	0.004379
177.046	0.00411	0.005096
177.0465	0.007296	0.00822
177.047	-0.017588	-0.016993
177.0475	-0.004702	-0.003515
177.048	-0.008074	-0.006959
177.0485	0.004007	0.005327
177.049	-0.000861	0.000324
177.0495	-0.000173	0.001321
177.05	0.002078	0.003377
177.0505	-0.004913	-0.003639
177.051	0.00533	0.006574
177.0515	-0.00273	-0.00195
177.052	0.023498	0.024608
177.0525	-0.000426	0.000731
177.053	-2.771216e-05	0.001161
177.0535	0.010728	0.011935
177.054	0.014117	0.015181
177.0545	0.001924	0.003621
177.055	-0.011001	-0.009353
177.0555	0.014543	0.015951
177.056	-0.001268	-0.000367
177.0565	-0.001839	-0.0008
177.057	0.001172	0.001881
177.0575	0.005014	0.006199
177.058	-0.002936	-0.001751
177.0585	2.884783e-05	0.001217
177.059	-0.000778	0.000426
177.0595	-0.001537	-0.000162
177.06	-0.048471	-0.047215
177.0605	-0.016844	-0.015613
177.061	-0.016924	-0.016326
177.0615	0.011262	0.01246
177.062	0.004329	0.005622
177.0625	0.003488	0.004691
177.063	-0.000541	0.000418
177.0635	0.002373	0.003412
177.064	0.003533	0.004201
177.0645	0.003169	0.00398
177.065	0.001465	0.001976
177.0655	-4.373331e-05	0.00068
177.066	-0.001172	-0.000229
177.0665	0.00089	0.001895
177.067	0.000939	0.001856
177.0675	0.016559	0.017998
177.068	-0.005165	-0.004146
177.0685	-0.004307	-0.002934
177.069	-0.003529	-0.002914
177.0695	-0.007533	-0.006705
177.07	-0.001006	-0.000154
177.0705	-0.001534	-0.000203
177.071	-0.007553	-0.006395
177.0715	-0.004408	-0.003113
177.072	-0.003821	-0.002854
177.0725	-0.000453	0.000827
177.073	-0.003024	-0.002214
177.0735	-0.000769	0.000527
177.074	0.004464	0.005744
177.0745	-0.015781	-0.015117
177.075	-0.000396	0.000896
177.0755	0.013522	0.014927
177.076	-0.003391	-0.00248
177.0765	0.001133	0.002185
177.077	0.010712	0.011893
177.0775	-0.000182	0.001139
177.078	0.006383	0.008137
177.0785	0.001412	0.002665
177.079	0.00117	0.002277
177.0795	0.001939	0.002611
177.08	0.004626	0.005511
177.0805	0.005529	0.006756
177.081	0.001454	0.002984
177.0815	-0.000185	0.000831
177.082	-0.000992	-8.107942e-06
177.0825	0.000464	0.001246
177.083	-0.001451	-0.000555
177.0835	-0.001832	-0.001143
177.084	-0.013291	-0.012624
177.0845	0.004159	0.00495
177.085	0.001894	0.002523
177.0855	0.004557	0.005821
177.086	0.021464	0.022402
177.0865	0.000348	0.001492
177.087	0.010828	0.012157
177.0875	-0.005086	-0.004327
177.088	-0.005951	-0.004801
177.0885	-0.000432	0.000917
177.089	-0.00151	-0.000442
177.0895	0.004516	0.005617
177.09	-0.005543	-0.004257
177.0905	0.002418	0.003697
177.091	0.001127	0.002556
177.0915	4.390142e-07	0.001103
177.092	-0.016721	-0.016214
177.0925	0.000863	0.001562
177.093	0.001476	0.002515
177.0935	0.000571	0.001763
177.094	0.008522	0.010145
177.0945	0.002024	0.003433
177.095	-0.014454	-0.01324
177.0955	-0.002207	-0.000733
177.096	-0.004173	-0.003212
177.0965	-0.004985	-0.004184
177.097	1.065831e-05	0.001127
177.0975	-0.00091	-0.000105
177.098	-0.001815	-0.000676
177.0985	-0.002454	-0.001464
177.099	-0.000599	0.000561
177.0995	-0.007579	-0.006715
177.1	-0.000926	0.000268
177.1005	-0.001254	-0.000215
177.101	0.009654	0.010692
177.1015	0.000213	0.001103
177.102	-0.000743	0.000614
177.1025	3.044687e-05	0.001194
177.103	-0.001906	-0.000925
177.1035	0.002872	0.004289
177.104	0.008151	0.0092
177.1045	0.001899	0.003078
177.105	-0.001752	-0.001064
177.1055	-0.003132	-0.00228
177.106	0.001746	0.002753
177.1065	-0.001422	-0.000259
177.107	-0.005067	-0.004211
177.1075	-0.005882	-0.004995
177.108	-0.0093	-0.00868
177.1085	-0.001127	-0.000138
177.109	-0.000563	0.000621
177.1095	0.001579	0.002637
177.11	0.015193	0.016585
177.1105	-0.005363	-0.004408
177.111	-0.001812	-0.000669
177.1115	0.004259	0.005411
177.112	0.001627	0.002938
177.1125	0.000267	0.001711
177.113	0.002349	0.003444
177.1135	-0.000396	0.00068
177.114	0.000439	0.001337
177.1145	-0.000569	0.000472
177.115	-0.003331	-0.002309
177.1155	-6.22853e-05	0.000939
177.116	-0.003899	-0.002907
177.1165	0.011464	0.012748
177.117	-0.000161	0.000804
177.1175	0.003895	0.005331
177.118	-0.002231	-0.001575
177.1185	0.000869	0.001878
177.119	0.002173	0.003358
177.1195	-0.014215	-0.013474
177.12	0.016295	0.017509
177.1205	0.006053	0.007264
177.121	-0.016909	-0.015853
177.1215	0.005243	0.00627
177.122	0.005012	0.00664
177.1225	0.005468	0.006574
177.123	-0.000643	0.000604
177.1235	0.000244	0.001469
177.124	0.00228	0.003335
177.1245	0.001829	0.002735
177.125	0.002093	0.003325
177.1255	-0.005397	-0.00432
177.126	-0.003266	-0.002186
177.1265	-0.003152	-0.002377
177.127	-0.001924	-0.000819
177.1275	-0.000455	0.000339
177.128	-0.008098	-0.007121
177.1285	-0.00051	0.00032
177.129	-0.00164	-0.000782
177.1295	-0.001155	-0.000267
177.13	-0.001837	-0.000918
177.1305	-0.022653	-0.021843
177.131	-0.004149	-0.003319
177.1315	0.002673	0.003983
177.132	-8.588686e-05	0.000895
177.1325	0.001745	0.002869
177.133	-0.002386	-0.001597
177.1335	-0.001102	-0.000327
177.134	-0.004295	-0.003226
177.1345	0.001261	0.002593
177.135	-0.002634	-0.001202
177.1355	-0.005549	-0.004782
177.136	-0.006796	-0.006015
177.1365	-0.010433	-0.009468
177.137	-0.003214	-0.002231
177.1375	-0.00036	0.000801
177.138	0.004486	0.00581
177.1385	0.00273	0.003743
177.139	0.011975	0.013147
177.1395	0.00389	0.00506
177.14	0.004644	0.005951
177.1405	0.002909	0.685472
177.141	-0.000986	0.790529
177.1415	0.003459	0.779279
177.142	-0.002945	0.76176
177.1425	-0.009909	0.748625
177.143	-0.000228	0.763977
177.1435	-0.005875	0.774698
177.144	0.000531	0.798633
177.1445	0.001674	0.81302
177.145	0.000146	0.821109
177.1455	-0.000292	0.820369
177.146	-0.00621	0.779573
177.1465	-0.001874	0.104367
177.147	0.006468	0.042592
177.1475	0.003981	0.081373
177.148	-0.004534	0.106163
177.1485	0.000606	0.130293
177.149	-0.000261	0.137088
177.1495	0.005637	0.142562
177.15	-0.00049	0.131
177.1505	0.000465	0.125699
177.151	0.002914	0.122777
177.1515	-0.000646	0.116082
177.152	-0.000395	0.115286
177.1525	-0.001433	0.11469
177.153	-0.008957	0.108009
177.1535	-0.000844	0.117727
177.154	0.009221	0.129239
177.1545	-0.000427	0.121263
177.155	-0.002808	0.121383
177.1555	-0.004827	0.123686
177.156	-0.006277	0.127585
177.1565	0.003946	0.144289
177.157	-0.006847	0.138655
177.1575	-0.003337	0.142976
177.158	0.001995	0.143003
177.1585	-0.007208	0.117688
177.159	-7.64454e-05	0.096552
177.1595	0.001895	0.05677
177.16	0.001308	0.0023
177.1605	0.003378	-0.059044
177.161	0.002185	-0.127635
177.1615	-0.002788	-0.198318
177.162	0.000925	-0.251731
177.1625	0.003012	0.241709
177.163	0.00304	0.492108
177.1635	-0.000294	0.470501
177.164	-0.012681	0.437666
177.1645	-3.321419e-05	0.448422
177.165	0.000486	0.454692
177.1655	-0.002848	-0.105738
177.166	-0.006369	-0.155421
177.1665	-0.000855	-0.027108
177.167	-0.000402	0.08167
177.1675	0.000913	0.157836
177.168	-0.003722	0.192228
177.1685	-0.002136	0.200638
177.169	0.000292	0.187467
177.1695	-3.324303e-05	0.159686
177.17	-0.000589	0.131484
177.1705	-0.000443	0.112361
177.171	-0.006758	0.09993
177.1715	-0.002329	0.111868
177.172	-0.0005	0.130508
177.1725	0.002264	0.155416
177.173	-0.003659	0.167356
177.1735	-4.493573e-05	0.181808
177.174	-0.001887	0.179559
177.1745	-0.002102	0.169357
177.175	-0.010293	0.145144
177.1755	-0.000728	0.137935
177.176	-0.000878	0.12662
177.1765	-0.003206	0.122117
177.177	2.466541e-05	0.13462
177.1775	-0.001755	0.15034
177.178	-0.004492	0.167946
177.1785	0.000775	0.187191
177.179	-0.003852	0.18153
177.1795	-0.002446	0.158464
177.18	-0.003056	0.105566
177.1805	-0.011115	0.017803
177.181	0.00253	-0.070767
177.1815	-0.000701	-0.187896
177.182	-0.003487	-0.302148
177.1825	-0.001328	-0.395514
177.183	0.002693	0.296431
177.1835	-0.001814	0.321865
177.184	-3.635682e-07	0.294642
177.1845	-0.007878	0.285359
177.185	-0.004594	0.298041
177.1855	0.000782	-0.293663
177.186	0.003102	-0.191538
177.1865	0.002267	-0.026128
177.187	-0.000547	0.110031
177.1875	-0.0007	0.203467
177.188	-0.000673	0.247759
177.1885	-0.000142	0.248373
177.189	0.003037	0.220132
177.1895	-0.008864	0.162101
177.19	-0.002247	0.123119
177.1905	-0.000108	0.094508
177.191	-1.987603e-05	0.084986
177.1915	-0.0028	0.094337
177.192	0.002653	0.128984
177.1925	0.004458	0.167208
177.193	0.004136	0.1993
177.1935	0.002204	0.216557
177.194	0.001308	0.217944
177.1945	0.001428	0.20211
177.195	0.001769	0.173796
177.1955	-0.000725	0.139066
177.196	-0.00567	0.107824
177.1965	-0.00089	0.101611
177.197	-0.017798	0.091871
177.1975	-0.012827	0.122925
177.198	-0.000197	0.172977
177.1985	0.015764	0.225266
177.199	-0.004077	0.227309
177.1995	-0.001188	0.225284
177.2	-0.005056	0.180284
177.2005	0.003324	0.108435
177.201	-0.001897	-0.011824
177.2015	0.000764	-0.14651
177.202	-0.001173	-0.291497
177.2025	0.005205	0.244785
177.203	-0.004941	0.295248
177.2035	-0.001011	0.227386
177.204	-0.000874	0.192285
177.2045	0.001289	0.215305
177.205	-0.008644	0.284885
177.2055	0.001071	0.397671
177.206	-0.003462	-0.081333
177.2065	-0.001408	-0.052956
177.207	-0.008142	0.105734
177.2075	9.473368e-05	0.235521
177.208	-1.571115e-05	0.295718
177.2085	-0.004814	0.295348
177.209	-0.000466	0.262219
177.2095	-0.005449	0.198892
177.21	0.001175	0.146121
177.2105	-0.003688	0.09869
177.211	0.001901	0.089613
177.2115	-0.000509	0.100375
177.212	-0.007624	0.128869
177.2125	-0.000994	0.181727
177.213	0.002424	0.22888
177.2135	3.426837e-05	0.253928
177.214	-0.00164	0.256989
177.2145	-0.008628	0.230821
177.215	0.001593	0.204681
177.2155	-0.001913	0.157863
177.216	-0.004516	0.118738
177.2165	-0.001923	0.102627
177.217	-0.003393	0.107718
177.2175	-0.002215	0.140421
177.218	0.0051	0.197341
177.2185	-0.002478	0.242506
177.219	0.011836	0.296235
177.2195	-0.005954	0.287499
177.22	-0.001445	0.256658
177.2205	0.743451	0.162673
177.221	0.829103	0.041258
177.2215	0.818183	-0.118283
177.222	0.758637	-0.338784
177.2225	0.797742	-0.458836
177.223	0.804123	-0.588672
177.2235	0.817266	-0.670228
177.224	0.836545	-0.682918
177.2245	0.856906	-0.628679
177.225	0.884714	-0.508721
177.2255	0.89	-0.367186
177.226	0.886067	-0.209343
177.2265	0.882306	-0.051532
177.227	0.861838	0.070306
177.2275	0.834069	0.169582
177.228	0.164157	0.208293
177.2285	0.043851	0.215385
177.229	0.082234	0.175372
177.2295	0.149579	0.149914
177.23	0.189219	0.110819
177.2305	0.200079	0.071149
177.231	0.205641	0.061379
177.2315	0.202517	0.076283
177.232	0.175363	0.092162
177.2325	0.15883	0.128839
177.233	0.137334	0.156271
177.2335	0.126269	0.175795
177.234	0.125508	0.180921
177.2345	0.142844	0.176897
177.235	0.150938	0.142613
177.2355	0.168511	0.10823
177.236	0.187813	0.080114
177.2365	0.201207	0.063748
177.237	0.214458	0.07479
177.2375	0.204926	0.0925
177.238	0.187793	0.129793
177.2385	0.153108	0.166346
177.239	0.110224	0.196964
177.2395	0.053834	0.201344
177.24	-0.015428	0.166426
177.2405	-0.052758	0.130177
177.241	-0.106236	0.042608
177.2415	-0.15957	-0.073394
177.242	-0.200637	-0.193427
177.2425	-0.259175	-0.331283
177.243	-0.259069	-0.395383
177.2435	-0.276282	-0.447917
177.244	-0.289611	-0.461763
177.2445	-0.291786	-0.428311
177.245	-0.255743	-0.327584
177.2455	-0.265597	-0.257804
177.246	-0.23174	-0.143171
177.2465	-0.192943	-0.038352
177.247	-0.138315	0.055901
177.2475	-0.086519	0.11365
177.248	-0.041151	0.132294
177.2485	0.024274	0.145716
177.249	0.070827	0.125217
177.2495	0.107772	0.09356
177.25	0.140768	0.069929
177.2505	0.151198	0.044159
177.251	0.14921	0.031007
177.2515	0.142875	0.037574
177.252	0.131571	0.056568
177.2525	0.113505	0.075765
177.253	0.096841	0.093243
177.2535	0.101189	0.120187
177.254	0.091545	0.113854
177.2545	0.098572	0.106066
177.255	0.110122	0.087775
177.2555	0.126041	0.067144
177.256	0.141393	0.048776
177.2565	0.151087	0.036864
177.257	0.158331	0.041308
177.2575	0.154835	0.05652
177.258	0.136965	0.076325
177.2585	0.116449	0.106074
177.259	0.076803	0.119707
177.2595	0.040597	0.129815
177.26	0.003342	0.123007
177.2605	-0.036367	0.091667
177.261	-0.072617	0.042043
177.2615	-0.112019	-0.030743
177.262	-0.141899	-0.105004
177.2625	-0.172636	-0.181896
177.263	-0.188351	-0.235489
177.2635	-0.22397	-0.292548
177.264	-0.21288	-0.281067
177.2645	-0.214444	-0.261809
177.265	-0.202438	-0.212039
177.2655	-0.189239	-0.15234
177.266	-0.174281	-0.092241
177.2665	-0.142259	-0.024688
177.267	-0.108039	0.026877
177.2675	-0.062741	0.069372
177.268	-0.027004	0.081403
177.2685	0.009817	0.079497
177.269	0.048569	0.070846
177.2695	0.0755	0.051341
177.27	0.095695	0.032996
177.2705	0.108301	0.021878
177.271	0.103312	0.009331
177.2715	0.107004	0.022147
177.272	0.090767	0.025267
177.2725	0.081035	0.039968
177.273	0.080446	0.061444
177.2735	0.06036	0.055193
177.274	0.063917	0.061397
177.2745	0.06908	0.057351
177.275	0.081558	0.050698
177.2755	0.087817	0.032763
177.276	0.103492	0.026158
177.2765	0.110667	0.018459
177.277	0.107928	0.013129
177.2775	0.112413	0.028834
177.278	0.113244	0.053501
177.2785	0.083895	0.057079
177.279	0.057754	0.067384
177.2795	0.033448	0.076882
177.28	0.004413	0.073697
177.2805	-0.027109	0.055808
177.281	-0.050633	0.033702
177.2815	-0.075561	-0.001869
177.282	-0.099353	-0.043107
177.2825	-0.110486	-0.07402
177.283	-0.129778	-0.110419
177.2835	-0.139771	-0.13009
177.284	-0.145092	-0.135315
177.2845	-0.149705	-0.130568
177.285	-0.145951	-0.110237
177.2855	-0.131446	-0.075605
177.286	-0.120733	-0.047263
177.2865	-0.093566	-0.008517
177.287	-0.074017	0.012861
177.2875	-0.046083	0.030711
177.288	-0.016034	0.040479
177.2885	0.002841	0.031812
177.289	0.037706	0.036174
177.2895	0.054968	0.024486
177.29	0.076315	0.023033
177.2905	0.069514	0.001906
177.291	0.062259	-0.009079
177.2915	0.067228	0.000646
177.292	0.060252	0.004753
177.2925	0.053492	0.011985
177.293	0.047882	0.019183
177.2935	0.048864	0.02774
177.294	0.046247	0.026652
177.2945	0.052494	0.027296
177.295	0.062992	0.027397
177.2955	0.055003	0.005335
177.296	0.068823	0.006497
177.2965	0.076943	0.005395
177.297	0.073969	-0.000628
177.2975	0.071053	0.001964
177.298	0.074287	0.018114
177.2985	0.050647	0.013016
177.299	0.034582	0.01941
177.2995	0.028252	0.036515
177.3	0.001304	0.030472
177.3005	-0.017247	0.029018
177.301	-0.024452	0.034032
177.3015	-0.043661	0.021115
177.302	-0.054478	0.012897
177.3025	-0.070481	-0.003938
177.303	-0.077791	-0.012137
177.3035	-0.092603	-0.027558
177.304	-0.093452	-0.028988
177.3045	-0.088989	-0.023388
177.305	-0.088507	-0.021815
177.3055	-0.086603	-0.019952
177.306	-0.077391	-0.013733
177.3065	-0.060698	-0.002342
177.307	-0.048649	-0.000947
177.3075	-0.031665	0.002374
177.308	-0.017924	-0.000827
177.3085	0.002437	0.001556
177.309	0.021392	0.003067
177.3095	0.038324	0.005527
177.31	0.041067	-0.002631
177.3105	0.057696	0.007711
177.311	0.039172	-0.012642
177.3115	0.04008	-0.009755
177.312	0.037661	-0.007226
177.3125	0.030097	-0.00957
177.313	0.039688	0.00477
177.3135	0.025103	-0.006583
177.314	0.029161	-0.001873
177.3145	0.02911	-0.004083
177.315	0.033765	-0.003451
177.3155	0.040161	-0.002964
177.316	0.044607	-0.004015
177.3165	0.044609	-0.008531
177.317	0.044326	-0.011116
177.3175	0.040937	-0.01378
177.318	0.029838	-0.020812
177.3185	0.024772	-0.018193
177.319	0.028378	-0.002861
177.3195	0.012185	-0.005148
177.32	-0.000183	-0.000963
177.3205	-0.008332	0.008939
177.321	-0.011722	0.024308
177.3215	-0.005043	0.049237
177.322	-0.032548	0.038236
177.3225	-0.034396	0.050302
177.323	-0.044715	0.049661
177.3235	-0.047963	0.051802
177.324	-0.056315	0.043379
177.3245	-0.044017	0.05111
177.325	-0.048442	0.036573
177.3255	-0.04611	0.024743
177.326	-0.044953	0.009254
177.3265	-0.029573	0.00651
177.327	-0.024295	-0.006067
177.3275	-0.01291	-0.010577
177.328	-0.010661	-0.022302
177.3285	-0.002409	-0.024411
177.329	-0.000383	-0.029402
177.3295	0.015118	-0.017689
177.33	0.020669	-0.013278
177.3305	0.020179	-0.014847
177.331	0.019152	-0.015754
177.3315	0.016812	-0.017721
177.332	-0.039578	-0.074523
177.3325	0.017615	-0.018462
177.333	0.013647	-0.022986
177.3335	0.030722	-0.006323
177.334	0.010608	-0.026439
177.3345	0.011416	-0.025376
177.335	0.019014	-0.017123
177.3355	0.014068	-0.021848
177.336	0.009328	-0.026758
177.3365	-0.006892	-0.043865
177.337	0.019711	-0.019249
177.3375	0.011442	-0.030121
177.338	0.015092	-0.028376
177.3385	0.00787	-0.036317
177.339	0.010292	-0.031048
177.3395	0.013755	-0.020507
177.34	-0.014298	-0.036663
177.3405	-0.000782	-0.004647
177.341	-0.006958	0.011267
177.3415	-0.013142	0.030311
177.342	-0.009559	0.05896
177.3425	-0.009425	0.082056
177.343	-0.015415	0.093096
177.3435	-0.01686	0.10183
177.344	-0.017349	0.100771
177.3445	-0.014235	0.095465
177.345	0.007375	0.100147
177.3455	-0.021592	0.048089
177.346	-0.043588	0.000137
177.3465	-0.012207	0.006051
177.347	-0.01158	-0.015486
177.3475	-0.006166	-0.026538
177.348	-0.004885	-0.036105
177.3485	0.002543	-0.032504
177.349	0.003425	-0.03048
177.3495	0.009761	-0.020595
177.35	0.003032	-0.022399
177.3505	0.003939	-0.018097
177.351	0.01683	-0.00352
177.3515	0.009398	-0.012813
177.352	0.005463	-0.019667
177.3525	-0.006929	-0.037771
177.353	-0.00103	-0.036528
177.3535	0.00286	-0.035404
177.354	0.000822	-0.03809
177.3545	0.00194	-0.03504
177.355	0.00392	-0.029033
177.3555	-0.003728	-0.032592
177.356	0.001899	-0.02294
177.3565	0.002736	-0.020496
177.357	0.004605	-0.020227
177.3575	0.002508	-0.027012
177.358	0.003589	-0.031978
177.3585	-0.006594	-0.048683
177.359	0.002929	-0.042564
177.3595	-0.001566	-0.045654
177.36	0.003493	-0.031886
177.3605	0.001541	-0.017535
177.361	0.009526	0.013999
177.3615	0.010764	0.043457
177.362	0.00766	0.070414
177.3625	0.003808	0.094151
177.363	0.010819	0.123082
177.3635	0.011891	0.136063
177.364	0.012318	0.1367
177.3645	0.014903	0.128591
177.365	0.009509	0.101954
177.3655	0.013268	0.077996
177.366	0.00355	0.037822
177.3665	0.004513	0.009661
177.367	0.002462	-0.016016
177.3675	-0.014988	-0.049886
177.368	0.000873	-0.041393
177.3685	-0.002341	-0.044544
177.369	-0.01192	-0.04743
177.3695	-0.002977	-0.029516
177.37	-0.002822	-0.020323
177.3705	-0.007598	-0.018719
177.371	-0.018989	-0.028398
177.3715	-0.004152	-0.015104
177.372	-0.004825	-0.021852
177.3725	-0.006221	-0.031038
177.373	-0.00438	-0.036493
177.3735	-0.008594	-0.045356
177.374	-0.036706	-0.074521
177.3745	-0.002875	-0.03739
177.375	-0.003741	-0.03226
177.3755	-0.010754	-0.032071
177.376	-0.010116	-0.025253
177.3765	-0.014254	-0.026114
177.377	-0.010326	-0.023894
177.3775	-0.015731	-0.03452
177.378	0.003394	-0.02426
177.3785	-0.008077	-0.045811
177.379	-0.010735	-0.056545
177.3795	-0.005545	-0.053671
177.38	0.000911	-0.041798
177.3805	0.008495	-0.020349
177.381	0.024186	0.018263
177.3815	-0.019838	0.002446
177.382	0.013819	0.067898
177.3825	0.022436	0.106027
177.383	0.022416	0.128768
177.3835	0.019694	0.139043
177.384	0.03195	0.152079
177.3845	0.028429	0.136687
177.385	0.002045	0.087965
177.3855	0.019558	0.076435
177.386	0.019313	0.044513
177.3865	0.019577	0.01529
177.387	0.011639	-0.015963
177.3875	0.011094	-0.031226
177.388	0.005851	-0.041459
177.3885	-0.009457	-0.053364
177.389	-0.000774	-0.034786
177.3895	0.004944	-0.017138
177.39	-0.015831	-0.026272
177.3905	-0.020451	-0.022899
177.391	-0.017251	-0.01744
177.3915	-0.019876	-0.022889
177.392	-0.020346	-0.030235
177.3925	-0.012806	-0.032038
177.393	-0.011439	-0.038908
177.3935	-0.010674	-0.043611
177.394	-0.010453	-0.044161
177.3945	-0.011142	-0.04149
177.395	-0.0261	-0.049503
177.3955	-0.023629	-0.038437
177.396	-0.02292	-0.030184
177.3965	-0.022384	-0.025379
177.397	-0.052544	-0.056557
177.3975	-0.023232	-0.03326
177.398	-0.021319	-0.04145
177.3985	-0.013225	-0.044955
177.399	-0.01127	-0.053436
177.3995	-0.007785	-0.05581
177.4	0.000942	-0.044226
177.4005	0.008392	-0.024956
177.401	0.029613	0.016545
177.4015	0.02056	0.034589
177.402	0.023084	0.067018
177.4025	0.025909	0.098826
177.403	0.029562	0.124723
177.4035	0.032118	0.139599
177.404	0.035225	0.1439
177.4045	0.036434	0.13359
177.405	0.039824	0.115435
177.4055	0.033036	0.08061
177.406	0.026065	0.043156
177.4065	0.022186	0.011331
177.407	0.039423	0.007671
177.4075	0.001449	-0.043039
177.408	-0.002133	-0.049776
177.4085	-0.003417	-0.045318
177.409	-0.009748	-0.040302
177.4095	-0.011412	-0.028176
177.41	-0.011764	-0.016134
177.4105	-0.020148	-0.01633
177.411	-0.023049	-0.016667
177.4115	-0.02942	-0.026015
177.412	-0.022681	-0.02648
177.4125	0.001584	-0.011487
177.413	-0.01429	-0.035945
177.4135	-0.013053	-0.040713
177.414	-0.006643	-0.035113
177.4145	-0.019214	-0.044324
177.415	-0.012723	-0.030285
177.4155	-0.018899	-0.027767
177.416	-0.020103	-0.020341
177.4165	-0.022816	-0.018846
177.417	-0.024507	-0.021253
177.4175	-0.027642	-0.030415
177.418	-0.023688	-0.036439
177.4185	-0.024946	-0.050673
177.419	-0.013138	-0.050054
177.4195	-0.008344	-0.05229
177.42	0.001961	-0.041509
177.4205	0.00925	-0.025257
177.421	0.013285	-0.004127
177.4215	0.028775	0.036039
177.422	0.01904	0.0525
177.4225	0.029329	0.088828
177.423	0.057541	0.137974
177.4235	0.038892	0.130476
177.424	0.039483	0.13184
177.4245	0.049963	0.13254
177.425	0.034575	0.097033
177.4255	0.030614	0.068125
177.426	0.029007	0.038879
177.4265	0.021396	0.006554
177.427	0.01554	-0.017376
177.4275	0.012742	-0.030342
177.428	0.002954	-0.041214
177.4285	-0.006983	-0.044517
177.429	-0.004825	-0.030109
177.4295	-0.012799	-0.025228
177.43	-0.015654	-0.015239
177.4305	-0.027141	-0.018926
177.431	-0.043754	-0.033371
177.4315	-0.021903	-0.013781
177.432	-0.019242	-0.018067
177.4325	-0.022219	-0.030241
177.433	-0.013066	-0.029321
177.4335	-0.007776	-0.029796
177.434	-0.02037	-0.043297
177.4345	-0.010053	-0.02918
177.435	-0.019867	-0.031936
177.4355	-0.006293	-0.009735
177.436	-0.028495	-0.024778
177.4365	-0.024749	-0.015984
177.437	-0.025274	-0.01677
177.4375	-0.025949	-0.023256
177.438	-0.023091	-0.029595
177.4385	-0.019009	-0.038201
177.439	-0.008	-0.038234
177.4395	-0.008482	-0.046654
177.44	-0.001266	-0.040793
177.4405	0.007151	-0.026069
177.441	0.01874	-0.000447
177.4415	0.014887	0.015662
177.442	0.026902	0.050138
177.4425	0.031295	0.077074
177.443	0.015761	0.079138
177.4435	0.037889	0.111004
177.444	0.041811	0.11587
177.4445	0.041344	0.106147
177.445	0.044584	0.093666
177.4455	0.035676	0.062753
177.446	0.027874	0.032269
177.4465	0.018554	0.002365
177.447	0.017054	-0.013893
177.4475	0.014256	-0.024058
177.448	0.005242	-0.03282
177.4485	-0.012431	-0.043728
177.449	-0.007448	-0.027321
177.4495	-0.014769	-0.021647
177.45	-0.022469	-0.018646
177.4505	-0.01011	0.000792
177.451	-0.026384	-0.013226
177.4515	-0.023397	-0.012503
177.452	-0.02278	-0.018247
177.4525	-0.018681	-0.022557
177.453	-0.01773	-0.028949
177.4535	-0.036796	-0.052737
177.454	-0.011956	-0.028469
177.4545	-0.019978	-0.03343
177.455	-0.017679	-0.024853
177.4555	-0.019502	-0.018918
177.456	-0.028623	-0.021446
177.4565	-0.026649	-0.01503
177.457	-0.022909	-0.010801
177.4575	-0.029656	-0.022547
177.458	-0.028987	-0.030517
177.4585	-0.027201	-0.039718
177.459	-0.020352	-0.043426
177.4595	-0.010358	-0.041097
177.46	0.002601	-0.030398
177.4605	0.006031	-0.023332
177.461	0.013189	-0.005979
177.4615	0.022226	0.018663
177.462	0.023339	0.037607
177.4625	0.029992	0.061455
177.463	0.032818	0.07869
177.4635	0.040558	0.094838
177.464	0.045916	0.100978
177.4645	0.035995	0.084267
177.465	0.036413	0.07156
177.4655	0.03314	0.051056
177.466	0.034175	0.034082
177.4665	0.025172	0.009193
177.467	0.01394	-0.013448
177.4675	0.011696	-0.020809
177.468	0.004166	-0.026916
177.4685	-0.001566	-0.025842
177.469	-0.013361	-0.027696
177.4695	-0.007745	-0.010839
177.47	-0.01807	-0.011816
177.4705	-0.016099	-0.003185
177.471	-0.027357	-0.013021
177.4715	-0.017218	-0.00458
177.472	-0.015588	-0.008474
177.4725	-0.009743	-0.009305
177.473	-0.017779	-0.023686
177.4735	-0.012795	-0.022554
177.474	-0.002245	-0.012769
177.4745	-0.015414	-0.023546
177.475	-0.022034	-0.025338
177.4755	-0.022264	-0.018659
177.476	-0.020142	-0.01081
177.4765	-0.020559	-0.006995
177.477	-0.025418	-0.011953
177.4775	-0.027188	-0.017599
177.478	-0.014919	-0.012014
177.4785	-0.016997	-0.023294
177.479	-0.013043	-0.028916
177.4795	-0.00668	-0.029736
177.48	-0.003373	-0.029587
177.4805	0.007639	-0.01695
177.481	0.012782	-0.005278
177.4815	0.019427	0.012328
177.482	0.021853	0.027854
177.4825	0.048709	0.067757
177.483	0.029749	0.059612
177.4835	0.032717	0.068825
177.484	0.035691	0.072052
177.4845	0.040321	0.072258
177.485	0.036569	0.058603
177.4855	0.031013	0.040451
177.486	0.026386	0.022816
177.4865	0.018518	0.003834
177.487	0.014765	-0.007424
177.4875	0.011478	-0.013962
177.488	0.005001	-0.018341
177.4885	-0.009747	-0.027407
177.489	-0.007852	-0.016853
177.4895	-0.010639	-0.010401
177.49	-0.019146	-0.011269
177.4905	-0.025738	-0.012626
177.491	-0.018834	-0.004421
177.4915	-0.015675	-0.002671
177.492	-0.018519	-0.00945
177.4925	-0.010932	-0.007743
177.493	-0.011138	-0.012782
177.4935	-0.010053	-0.014814
177.494	-0.005427	-0.010752
177.4945	-0.016528	-0.020312
177.495	-0.014794	-0.014389
177.4955	-0.048169	-0.042356
177.496	-0.018245	-0.007618
177.4965	-0.015759	-0.002042
177.497	-0.019596	-0.005367
177.4975	-0.022082	-0.010773
177.498	-0.018115	-0.012176
177.4985	-0.019018	-0.020528
177.499	-0.010351	-0.01931
177.4995	0.001862	-0.013286
177.5	-0.003258	-0.022403
177.5005	0.007603	-0.011706
177.501	-0.009096	-0.024727
177.5015	0.003049	-0.005872
177.502	0.019433	0.018884
177.5025	0.023566	0.031764
177.503	0.023734	0.038902
177.5035	0.019191	0.0385
177.504	0.02538	0.045332
177.5045	0.022502	0.039058
177.505	0.025901	0.036301
177.5055	0.027409	0.030124
177.506	0.022553	0.01669
177.5065	0.017859	0.005076
177.507	0.027599	0.010789
177.5075	0.009078	-0.008909
177.508	-0.001473	-0.017437
177.5085	-0.006171	-0.01706
177.509	-0.004781	-0.008382
177.5095	-0.007045	-0.00409
177.51	-0.020133	-0.011512
177.5105	-0.016295	-0.004078
177.511	-0.015594	-0.001701
177.5115	-0.011824	0.000801
177.512	-0.015558	-0.006313
177.5125	-0.015011	-0.00979
177.513	-0.03079	-0.028674
177.5135	0.001888	0.001454
177.514	-0.008278	-0.009067
177.5145	-0.011458	-0.011274
177.515	-0.009691	-0.006161
177.5155	-0.002388	0.004931
177.516	-0.016083	-0.005333
177.5165	-0.021658	-0.008672
177.517	-0.01807	-0.004473
177.5175	-0.010913	0.001184
177.518	-0.015151	-0.0068
177.5185	-0.014586	-0.011593
177.519	-0.012415	-0.015579
177.5195	-0.009901	-0.018164
177.52	-0.004154	-0.016163
177.5205	-0.001	-0.014906
177.521	0.015293	0.002616
177.5215	0.010577	0.000387
177.522	0.031428	0.025692
177.5225	0.011888	0.010388
177.523	0.018446	0.021189
177.5235	0.032989	0.037879
177.524	0.025648	0.03124
177.5245	0.031128	0.035083
177.525	0.015433	0.016303
177.5255	0.010302	0.007023
177.526	0.021943	0.014989
177.5265	0.019038	0.009007
177.527	0.005389	-0.006391
177.5275	0.001124	-0.009938
177.528	0.004029	-0.004699
177.5285	0.003871	-0.000693
177.529	-0.00254	-0.002313
177.5295	-0.00734	-0.002225
177.53	-0.012562	-0.003723
177.5305	-0.016697	-0.005545
177.531	-0.016234	-0.004435
177.5315	-0.008888	0.002609
177.532	-0.00915	0.000253
177.5325	-0.021111	-0.01414
177.533	-0.014582	-0.009874
177.5335	-0.00672	-0.003648
177.534	-0.011876	-0.00911
177.5345	-0.004338	-0.000347
177.535	-0.007392	-0.001498
177.5355	-0.003319	0.004846
177.536	-0.014886	-0.004357
177.5365	-0.021443	-0.009406
177.537	-0.030794	-0.017951
177.5375	-0.010457	0.001413
177.538	-0.009636	-0.000119
177.5385	-0.009098	-0.003336
177.539	-0.008188	-0.006149
177.5395	-0.002661	-0.005167
177.54	0.014802	0.009686
177.5405	0.002094	-0.006125
177.541	0.002852	-0.006532
177.5415	0.005429	-0.004797
177.542	0.013523	0.003983
177.5425	0.005028	-0.003776
177.543	0.011051	0.003862
177.5435	0.013674	0.007196
177.544	0.010281	0.004056
177.5445	0.014572	0.008245
177.545	0.015788	0.009443
177.5455	0.014759	0.007641
177.546	0.011831	0.004186
177.5465	0.009693	0.002077
177.547	-0.012805	-0.019605
177.5475	0.007336	0.002304
177.548	0.004556	0.00171
177.5485	0.00393	0.004508
177.549	0.000738	0.004488
177.5495	-0.003238	0.003079
177.55	-0.003339	0.005251
177.5505	-0.008926	0.00049
177.551	-0.023431	-0.013103
177.5515	-0.004485	0.005606
177.552	0.001707	0.010708
177.5525	-0.009255	-0.001396
177.553	-0.003222	0.003423
177.5535	-0.002292	0.003679
177.554	-0.001106	0.004885
177.5545	0.010961	0.017532
177.555	-0.019105	-0.012366
177.5555	-0.004529	0.003923
177.556	8.359416e-05	0.010088
177.5565	-0.00606	0.00476
177.557	-0.001224	0.010062
177.5575	-0.006937	0.004143
177.558	-0.00717	0.00278
177.5585	-0.000716	0.007511
177.559	0.002422	0.008579
177.5595	0.007019	0.010128
177.56	-0.007245	-0.007609
177.5605	0.001804	-0.001344
177.561	-0.004552	-0.010857
177.5615	0.004392	-0.004943
177.562	0.005192	-0.006248
177.5625	0.004814	-0.008801
177.563	0.009691	-0.005113
177.5635	0.006025	-0.009245
177.564	0.009941	-0.00491
177.5645	0.015049	0.001015
177.565	0.004941	-0.007445
177.5655	0.016766	0.006554
177.566	0.010702	0.003069
177.5665	-0.025869	-0.030845
177.567	0.001135	-0.000745
177.5675	0.017918	0.018026
177.568	0.005057	0.007672
177.5685	0.004357	0.00903
177.569	-0.009052	-0.0031
177.5695	-0.017296	-0.01082
177.57	-0.000577	0.006815
177.5705	-0.000879	0.007732
177.571	-0.007219	0.000657
177.5715	0.003259	0.010961
177.572	-0.002573	0.005408
177.5725	-0.000745	0.007336
177.573	-0.002955	0.005083
177.5735	-0.000914	0.0071
177.574	-0.008904	-0.001038
177.5745	-0.002351	0.005554
177.575	-0.002009	0.00615
177.5755	0.008263	0.016745
177.576	0.001301	0.00976
177.5765	-0.004908	0.00428
177.577	-0.003025	0.006459
177.5775	-0.002385	0.007818
177.578	-0.003399	0.006815
177.5785	-0.006212	0.00359
177.579	-0.005008	0.003578
177.5795	-0.013356	-0.006184
177.58	-0.004071	0.0004
177.5805	-0.011976	-0.011097
177.581	-0.004684	-0.008435
177.5815	-0.002319	-0.010594
177.582	0.00091	-0.011833
177.5825	0.001027	-0.015773
177.583	0.00141	-0.018384
177.5835	-0.002591	-0.023929
177.584	-0.006953	-0.02848
177.5845	0.001745	-0.017989
177.585	0.003014	-0.013481
177.5855	0.007583	-0.004028
177.586	0.005089	-0.002256
177.5865	-0.000286	-0.00308
177.587	0.004956	0.006455
177.5875	0.007404	0.012552
177.588	-0.000442	0.006131
177.5885	-0.003716	0.00385
177.589	-0.004968	0.0027
177.5895	0.004193	0.011545
177.59	-0.00238	0.004
177.5905	-0.000298	0.005878
177.591	-0.002207	0.003486
177.5915	0.003176	0.009607
177.592	0.003591	0.010327
177.5925	-0.000623	0.007095
177.593	0.002716	0.011197
177.5935	-0.004792	0.004198
177.594	-0.002229	0.006866
177.5945	-0.006957	0.001532
177.595	0.004604	0.012821
177.5955	0.013866	0.021869
177.596	-0.007224	-0.00065
177.5965	-0.025699	-0.019003
177.597	-0.009092	-0.00165
177.5975	0.007664	0.01628
177.598	0.021651	0.031489
177.5985	-0.006863	0.003444
177.599	-0.004585	0.006197
177.5995	-0.007242	0.002629
177.6	-0.001413	0.006161
177.6005	-0.000764	0.003179
177.601	-0.004273	-0.005144
177.6015	-0.000882	-0.007331
177.602	-0.00276	-0.015504
177.6025	0.003353	-0.014977
177.603	-0.005223	-0.027959
177.6035	0.001423	-0.023621
177.604	-0.001953	-0.026846
177.6045	-0.004342	-0.027243
177.605	-0.002762	-0.021204
177.6055	0.007765	-0.005025
177.606	0.00305	-0.00382
177.6065	0.006337	0.006207
177.607	0.008261	0.012733
177.6075	0.012729	0.020636
177.608	0.005311	0.014821
177.6085	0.000141	0.009856
177.609	0.003537	0.012431
177.6095	0.007779	0.015227
177.61	0.000943	0.006764
177.6105	0.002118	0.006633
177.611	-0.003449	0.000562
177.6115	-0.003022	0.001339
177.612	0.001727	0.007425
177.6125	0.003547	0.010892
177.613	0.008409	0.017132
177.6135	-0.002107	0.007683
177.614	0.000591	0.010405
177.6145	0.000495	0.009609
177.615	0.000535	0.00856
177.6155	0.000671	0.007559
177.616	-0.005923	-0.000415
177.6165	-0.000218	0.005303
177.617	-0.003783	0.001794
177.6175	-0.009237	-0.002436
177.618	-0.000117	0.008155
177.6185	-0.00078	0.009671
177.619	-0.009565	0.002478
177.6195	0.001436	0.013368
177.62	0.008377	0.018683
177.6205	-0.018995	-0.012493
177.621	-0.00224	-0.000998
177.6215	-0.010565	-0.015976
177.622	-0.00622	-0.017975
177.6225	-0.007838	-0.026097
177.623	-0.008517	-0.031976
177.6235	-0.005312	-0.03188
177.624	-0.00803	-0.034539
177.6245	-0.006721	-0.030635
177.625	-0.009944	-0.029109
177.6255	-0.003651	-0.016204
177.626	0.004062	-0.000698
177.6265	-0.035521	-0.03432
177.627	0.003245	0.00988
177.6275	0.004456	0.014381
177.628	0.003268	0.014607
177.6285	0.00015	0.01075
177.629	-0.004924	0.003939
177.6295	-0.008174	-0.001831
177.63	0.00476	0.009456
177.6305	-0.0026	5.223781e-05
177.631	0.003108	0.005581
177.6315	0.00085	0.003476
177.632	-0.002671	0.001635
177.6325	-0.002324	0.003908
177.633	-0.001051	0.00698
177.6335	-0.007535	0.001839
177.634	-0.001144	0.008484
177.6345	0.003224	0.012303
177.635	0.004756	0.012393
177.6355	-0.00313	0.002475
177.636	-0.005026	-0.001031
177.6365	-0.001245	0.002195
177.637	0.000135	0.004214
177.6375	-0.004406	0.000918
177.638	-0.012928	-0.005541
177.6385	0.009124	0.019268
177.639	0.002335	0.014285
177.6395	0.006235	0.019227
177.64	0.000708	0.012599
177.6405	-0.000297	0.008385
177.641	-0.007235	-0.003747
177.6415	-0.006219	-0.009557
177.642	-0.00706	-0.017675
177.6425	-0.002245	-0.01971
177.643	-0.009953	-0.032475
177.6435	-0.007964	-0.033856
177.644	-0.0129	-0.038994
177.6445	-0.010646	-0.03439
177.645	-0.006193	-0.024513
177.6455	-0.010919	-0.022828
177.646	0.000243	-0.003906
177.6465	-0.003961	-0.001659
177.647	0.001647	0.009747
177.6475	0.000679	0.011742
177.648	0.002461	0.014449
177.6485	0.003601	0.015015
177.649	0.002925	0.011894
177.6495	7.159389e-05	0.00555
177.65	0.024839	0.028443
177.6505	-0.002031	-0.000999
177.651	0.003947	0.004908
177.6515	0.003754	0.005421
177.652	0.027815	0.03146
177.6525	0.001404	0.006892
177.653	0.004487	0.01214
177.6535	0.008653	0.017623
177.654	0.00345	0.012723
177.6545	-0.001869	0.006481
177.655	0.001032	0.007791
177.6555	0.002852	0.007673
177.656	0.002327	0.005454
177.6565	0.009952	0.012174
177.657	0.003415	0.005899
177.6575	0.003339	0.007147
177.658	0.006963	0.013507
177.6585	0.020249	0.029711
177.659	0.012803	0.024483
177.6595	-0.000909	0.011976
177.66	-0.002873	0.009537
177.6605	-0.005107	0.00436
177.661	-0.00474	-0.000122
177.6615	-0.002664	-0.004153
177.662	-0.002622	-0.011411
177.6625	-0.013776	-0.02934
177.663	-0.006149	-0.027237
177.6635	-0.046274	-0.070856
177.664	-0.005825	-0.030362
177.6645	-0.021814	-0.043913
177.665	-0.007556	-0.024361
177.6655	0.001008	-0.0094
177.666	0.004875	0.001411
177.6665	-0.00051	0.002893
177.667	-0.004149	0.004463
177.6675	-0.002278	0.009154
177.668	-0.00523	0.006501
177.6685	0.00136	0.012221
177.669	-0.002362	0.005636
177.6695	-0.02154	-0.016159
177.67	0.006025	0.008523
177.6705	0.01233	0.0132
177.671	-0.00146	-0.001688
177.6715	-0.000249	9.385386e-05
177.672	0.007371	0.009936
177.6725	0.002242	0.007029
177.673	0.000962	0.007521
177.6735	0.002795	0.010909
177.674	0.005554	0.014002
177.6745	0.003865	0.01169
177.675	0.007739	0.013904
177.6755	0.007734	0.011556
177.676	0.017112	0.019606
177.6765	0.007237	0.00872
177.677	0.007423	0.009073
177.6775	0.006381	0.009008
177.678	0.004066	0.009489
177.6785	0.007922	0.016104
177.679	0.007672	0.018323
177.6795	0.000161	0.012203
177.68	-0.000159	0.011846
177.6805	-0.005252	0.004466
177.681	-0.008284	-0.002581
177.6815	-0.003958	-0.004173
177.682	-0.001909	-0.00894
177.6825	-0.005509	-0.018913
177.683	-0.008756	-0.027543
177.6835	-0.004513	-0.025908
177.684	-0.007183	-0.029188
177.6845	-0.010289	-0.02928
177.685	-0.007458	-0.022145
177.6855	-0.005232	-0.013646
177.686	-0.004883	-0.006714
177.6865	-0.007015	-0.00344
177.687	-0.005207	0.002993
177.6875	-0.004733	0.006404
177.688	2.712729e-05	0.011777
177.6885	0.002027	0.012201
177.689	0.005186	0.012523
177.6895	0.00099	0.005175
177.69	-0.012994	-0.012107
177.6905	0.003223	0.002534
177.691	0.00223	0.001093
177.6915	0.000532	0.000241
177.692	0.002299	0.003689
177.6925	-0.021351	-0.017786
177.693	0.002416	0.008135
177.6935	-0.004274	0.002466
177.694	-0.002079	0.004982
177.6945	-0.001651	0.0048
177.695	-0.029304	-0.024763
177.6955	0.005312	0.008156
177.696	0.005451	0.006503
177.6965	-0.001292	-0.001567
177.697	0.001652	0.001828
177.6975	-0.001867	-0.000323
177.698	0.017957	0.022329
177.6985	-0.007088	-0.000312
177.699	-0.002423	0.007177
177.6995	-0.010873	0.000287
177.7	-0.028442	-0.016817
177.7005	-0.002763	0.006735
177.701	-9.853192e-06	0.006432
177.7015	-0.000706	7.755316e-05
177.702	-0.006655	-0.01208
177.7025	-0.004751	-0.015569
177.703	-0.002713	-0.01798
177.7035	-0.013479	-0.031603
177.704	-0.00555	-0.023865
177.7045	-0.007462	-0.023715
177.705	-0.007534	-0.019679
177.7055	-0.006163	-0.013023
177.706	-0.010049	-0.011345
177.7065	-0.005127	-0.000607
177.707	-0.010345	-0.00198
177.7075	-0.004236	0.006307
177.708	-0.002596	0.008024
177.7085	-0.000397	0.00877
177.709	0.007459	0.013719
177.7095	-0.003227	0.000358
177.71	0.004628	0.005349
177.7105	0.006591	0.005509
177.711	0.005097	0.003429
177.7115	0.004355	0.003476
177.712	0.008633	0.009466
177.7125	0.004214	0.006894
177.713	0.004886	0.009762
177.7135	0.00904	0.014995
177.714	0.009726	0.015985
177.7145	0.002447	0.0077
177.715	0.010194	0.014427
177.7155	0.002123	0.004179
177.716	0.010474	0.010847
177.7165	0.005347	0.004737
177.717	0.015784	0.015536
177.7175	0.004853	0.005651
177.718	0.004661	0.007629
177.7185	-0.002308	0.003037
177.719	0.003465	0.011692
177.7195	0.00264	0.012776
177.72	0.006273	0.016787
177.7205	0.006421	0.015324
177.721	-0.000597	0.0055
177.7215	0.000382	0.002316
177.722	-0.00192	-0.004863
177.7225	-0.008887	-0.017071
177.723	-0.010257	-0.022422
177.7235	-0.006677	-0.021212
177.724	-0.010375	-0.025251
177.7245	-0.005624	-0.018776
177.725	-0.00704	-0.01686
177.7255	-0.01331	-0.01849
177.726	-0.01122	-0.01158
177.7265	-0.007708	-0.003257
177.727	-0.008046	-0.000281
177.7275	-0.004437	0.004584
177.728	-0.004091	0.004991
177.7285	8.310638e-05	0.008062
177.729	-0.024364	-0.018776
177.7295	0.023666	0.026777
177.73	0.031809	0.03229
177.7305	0.00581	0.004667
177.731	0.007175	0.005481
177.7315	0.004749	0.003603
177.732	0.004814	0.004897
177.7325	-0.009133	-0.007242
177.733	-0.002058	0.001516
177.7335	0.001732	0.006432
177.734	-0.001968	0.002712
177.7345	-0.014925	-0.010366
177.735	0.00225	0.005297
177.7355	0.004057	0.005127
177.736	0.00094	0.000816
177.7365	0.001991	0.000939
177.737	0.006869	0.005811
177.7375	0.00899	0.008957
177.738	0.005548	0.007575
177.7385	-0.002492	0.001768
177.739	0.001897	0.00865
177.7395	0.002562	0.011167
177.74	-0.000366	0.008801
177.7405	-5.673569e-06	0.008152
177.741	-0.000939	0.004945
177.7415	-0.001098	0.001357
177.742	-0.006107	-0.007861
177.7425	-0.00684	-0.012447
177.743	-0.006543	-0.015281
177.7435	-0.016813	-0.027837
177.744	0.00337	-0.007672
177.7445	-0.007607	-0.017736
177.745	-0.007092	-0.014226
177.7455	-0.011517	-0.014743
177.746	-0.009209	-0.008743
177.7465	-0.001583	0.002635
177.747	-0.003687	0.003135
177.7475	-0.015308	-0.007367
177.748	-0.002139	0.005656
177.7485	0.001632	0.008228
177.749	0.006287	0.01088
177.7495	0.000164	0.001883
177.75	0.020396	0.020466
177.7505	0.007797	0.006611
177.751	0.003102	0.00097
177.7515	0.001941	0.000452
177.752	0.001897	0.001446
177.7525	0.002231	0.003326
177.753	0.00516	0.008014
177.7535	0.008881	0.01238
177.754	0.005428	0.009346
177.7545	0.007619	0.011171
177.755	0.007	0.009564
177.7555	0.012241	0.0132
177.756	0.003526	0.003016
177.7565	0.006411	0.005087
177.757	0.003576	0.002373
177.7575	0.005313	0.00509
177.758	0.001591	0.002791
177.7585	-0.008417	-0.005481
177.759	-0.003649	0.001503
177.7595	-0.00036	0.006062
177.76	0.003997	0.011746
177.7605	0.005988	0.012805
177.761	-0.01029	-0.004594
177.7615	-0.002905	-0.000105
177.762	-0.004527	-0.004824
177.7625	-0.007827	-0.011378
177.763	-0.009721	-0.015356
177.7635	-0.051887	-0.059839
177.764	-0.002259	-0.010184
177.7645	-0.007463	-0.01434
177.765	-0.003032	-0.007607
177.7655	-0.004626	-0.006051
177.766	-0.005932	-0.0042
177.7665	-0.008972	-0.00536
177.767	0.003725	0.010018
177.7675	-0.030708	-0.023736
177.768	-0.004587	0.001622
177.7685	-0.002818	0.002363
177.769	0.000433	0.003971
177.7695	-0.015833	-0.014569
177.77	0.001929	0.00163
177.7705	-0.00048	-0.00191
177.771	0.00185	0.000353
177.7715	0.003717	0.002418
177.772	-0.002433	-0.00294
177.7725	-3.03693e-05	0.000532
177.773	-0.000113	0.001613
177.7735	0.001227	0.00389
177.774	0.003869	0.006572
177.7745	0.003504	0.005954
177.775	0.004898	0.006738
177.7755	0.019991	0.020639
177.776	0.001829	0.001085
177.7765	-0.005102	-0.006518
177.777	0.019396	0.017902
177.7775	0.00336	0.002682
177.778	0.008076	0.008657
177.7785	0.000973	0.00306
177.779	0.004244	0.00805
177.7795	0.01024	0.015596
177.78	-0.00198	0.004131
177.7805	-0.000245	0.005916
177.781	-0.000578	0.004279
177.7815	-0.004762	-0.00146
177.782	-0.002296	-0.001472
177.7825	-0.000546	-0.001614
177.783	-0.000895	-0.003985
177.7835	-0.010565	-0.014654
177.784	-0.005723	-0.010236
177.7845	-0.005239	-0.008914
177.785	-0.002667	-0.004877
177.7855	-0.003863	-0.004103
177.786	-0.016247	-0.014539
177.7865	-0.002721	0.000815
177.787	-0.00385	0.000785
177.7875	-0.002236	0.00319
177.788	-0.002904	0.001864
177.7885	-0.004239	-0.000476
177.789	-0.008781	-0.00614
177.7895	-0.001047	-0.000434
177.79	0.001906	0.001512
177.7905	0.006076	0.004644
177.791	-0.000148	-0.001858
177.7915	0.008571	0.007296
177.792	-0.000496	-0.001361
177.7925	0.009037	0.009564
177.793	-0.002163	-0.000935
177.7935	-0.001258	0.000697
177.794	0.001571	0.003347
177.7945	-0.011154	-0.009676
177.795	0.004862	0.005796
177.7955	0.003467	0.003823
177.796	0.01778	0.017113
177.7965	0.005576	0.004515
177.797	0.004055	0.002431
177.7975	-0.000244	-0.001085
177.798	-0.003652	-0.003704
177.7985	-0.003585	-0.002511
177.799	0.008001	0.010906
177.7995	0.000673	0.004434
177.8	-0.000464	0.004058
177.8005	-0.003159	0.001543
177.801	-0.002001	0.002408
177.8015	-0.002461	0.000951
177.802	-0.00327	-0.001046
177.8025	-0.045571	-0.045366
177.803	0.02297	0.022853
177.8035	-0.002563	-0.004108
177.804	-0.015057	-0.016646
177.8045	-0.00512	-0.006638
177.805	0.000937	0.000487
177.8055	-0.000129	0.000951
177.806	0.001299	0.003485
177.8065	-0.003956	-0.000378
177.807	-0.005243	-0.001467
177.8075	-0.00235	0.001753
177.808	-0.000379	0.003657
177.8085	0.001634	0.004836
177.809	0.002925	0.004727
177.8095	-0.008865	-0.008777
177.81	-0.022197	-0.022839
177.8105	0.003616	0.002987
177.811	0.002057	0.000896
177.8115	-0.00131	-0.002277
177.812	-0.002477	-0.003112
177.8125	0.002232	0.002227
177.813	0.003549	0.004441
177.8135	-0.007921	-0.006959
177.814	-0.007093	-0.006036
177.8145	-0.003492	-0.002354
177.815	0.014212	0.014829
177.8155	0.002074	0.002217
177.816	0.000971	0.000345
177.8165	-4.166402e-05	-0.001073
177.817	0.00557	0.004294
177.8175	0.003581	0.003225
177.818	-0.00482	-0.005174
177.8185	0.002833	0.003391
177.819	-0.005855	-0.004269
177.8195	-0.006901	-0.004518
177.82	0.000543	0.003956
177.8205	0.007192	0.01096
177.821	0.006928	0.010823
177.8215	0.001202	0.00456
177.822	0.019557	0.022436
177.8225	0.008882	0.010887
177.823	0.001261	0.002465
177.8235	-0.003915	-0.003149
177.824	-0.00352	-0.002914
177.8245	-0.002659	-0.002221
177.825	-0.00572	-0.00425
177.8255	-0.003202	-0.001683
177.826	-0.00434	-0.002261
177.8265	0.011709	0.014671
177.827	-0.004599	-0.002075
177.8275	0.003236	0.006293
177.828	0.000883	0.00338
177.8285	-0.007779	-0.006353
177.829	0.005259	0.00598
177.8295	0.002309	0.002652
177.83	0.0015	0.000795
177.8305	-0.01175	-0.011865
177.831	0.00189	0.001139
177.8315	0.004505	0.003553
177.832	0.001913	0.001267
177.8325	4.128181e-05	-7.204916e-05
177.833	0.006081	0.00645
177.8335	-0.000881	-0.000462
177.834	-0.000354	0.000558
177.8345	-8.418874e-05	0.000329
177.835	0.002241	0.002641
177.8355	0.001483	0.001467
177.836	0.00257	0.002003
177.8365	-0.002256	-0.00324
177.837	0.003545	0.002648
177.8375	5.715671e-05	-0.000836
177.838	-3.94325e-06	-4.222244e-05
177.8385	-0.002851	-0.00296
177.839	0.000249	0.00099
177.8395	0.003675	0.005271
177.84	-0.003324	-0.0011
177.8405	-0.003635	-0.000925
177.841	-0.003202	-0.000181
177.8415	0.001042	0.004194
177.842	0.016853	0.019977
177.8425	-0.001039	0.001981
177.843	-0.001954	0.000905
177.8435	0.000643	0.0035
177.844	-0.00061	0.001817
177.8445	-0.000297	0.002238
177.845	-0.005974	-0.003604
177.8455	-0.00613	-0.003754
177.846	-0.005202	-0.002851
177.8465	-0.004691	-0.002434
177.847	-0.002623	-0.000862
177.8475	-0.002913	-0.000954
177.848	-0.053754	-0.052601
177.8485	0.000534	0.001401
177.849	0.002452	0.002902
177.8495	0.000542	0.000777
177.85	0.002138	0.001921
177.8505	0.002521	0.002131
177.851	-0.003095	-0.003537
177.8515	0.000127	-0.000275
177.852	0.002979	0.002994
177.8525	-0.0052	-0.005221
177.853	0.003741	0.003822
177.8535	0.006411	0.006854
177.854	0.008113	0.008362
177.8545	-0.001332	-0.001175
177.855	-0.000747	-0.000752
177.8555	-0.016948	-0.017594
177.856	0.002168	0.001658
177.8565	-0.004047	-0.004694
177.857	-0.009134	-0.009847
177.8575	-0.003355	-0.004042
177.858	-0.008315	-0.008853
177.8585	0.022545	0.022402
177.859	-0.001398	-0.001314
177.8595	-0.017089	-0.016832
177.86	0.002916	0.004328
177.8605	-0.002773	-0.00128
177.861	0.001718	0.004241
177.8615	-0.001835	0.001035
177.862	0.005882	0.009493
177.8625	-0.000187	0.00344
177.863	-0.005001	-0.001147
177.8635	-0.002168	0.001616
177.864	-0.000381	0.003665
177.8645	-0.001479	0.002361
177.865	-5.465653e-05	0.003306
177.8655	-0.002959	-0.000307
177.866	-0.000248	0.002272
177.8665	-0.000941	0.000946
177.867	0.002107	0.003389
177.8675	0.015767	0.01665
177.868	0.003585	0.004466
177.8685	0.004642	0.005106
177.869	0.005798	0.006089
177.8695	0.004124	0.004619
177.87	0.005113	0.005373
177.8705	-0.007961	-0.007884
177.871	0.013979	0.013714
177.8715	-0.000275	-0.00022
177.872	-0.000288	-0.000269
177.8725	0.001199	0.000862
177.873	-0.000543	-0.000754
177.8735	-0.001603	-0.001854
177.874	-0.007966	-0.008245
177.8745	-0.004782	-0.004779
177.875	0.004225	0.004025
177.8755	0.000196	0.000124
177.876	-0.001357	-0.001629
177.8765	0.000992	0.000977
177.877	-0.002663	-0.003374
177.8775	-0.00868	-0.009418
177.878	0.00327	0.00313
177.8785	0.00123	0.000941
177.879	-0.001815	-0.002294
177.8795	-0.009232	-0.009124
177.88	-0.000163	0.000344
177.8805	-0.005535	-0.004772
177.881	0.005904	0.007676
177.8815	-0.001443	0.00094
177.882	-0.024508	-0.02103
177.8825	-0.005252	-0.001438
177.883	-0.00056	0.00361
177.8835	-0.005399	-0.000786
177.884	-0.001161	0.0036
177.8845	-0.001669	0.002643
177.885	0.015591	0.019211
177.8855	0.001611	0.004709
177.886	-0.00936	-0.006881
177.8865	-0.007461	-0.00576
177.887	-0.001572	-0.000857
177.8875	0.00109	0.001629
177.888	0.003374	0.003446
177.8885	0.002986	0.003103
177.889	0.003675	0.003513
177.8895	-0.001372	-0.001388
177.89	0.005756	0.005897
177.8905	-0.0028	-0.002532
177.891	0.004209	0.004819
177.8915	-0.003221	-0.002837
177.892	-0.001408	-0.001629
177.8925	-0.006781	-0.006996
177.893	-0.003483	-0.003555
177.8935	-0.003667	-0.004037
177.894	0.00325	0.003276
177.8945	-0.000821	-0.001267
177.895	-0.000141	-0.000346
177.8955	-0.001879	-0.001978
177.896	0.003794	0.003777
177.8965	-0.003114	-0.002945
177.897	-0.000747	-0.000802
177.8975	-0.004747	-0.004935
177.898	-0.003564	-0.004241
177.8985	0.001645	0.001434
177.899	0.005364	0.005049
177.8995	0.002364	0.00212
177.9	0.003205	0.003105
177.9005	0.001461	0.001617
177.901	0.000688	0.001966
177.9015	-1.589179e-05	0.002208
177.902	0.000646	0.004016
177.9025	0.001567	0.005531
177.903	-0.001328	0.003661
177.9035	-0.005001	0.000217
177.904	-0.00553	-0.000291
177.9045	-0.005263	-0.00038
177.905	-0.005565	-0.001361
177.9055	-0.005671	-0.002368
177.906	-0.004713	-0.002556
177.9065	-0.016843	-0.015762
177.907	-0.000869	-0.0004
177.9075	-0.000789	-0.000993
177.908	-0.004054	-0.00418
177.9085	-0.000768	-0.001359
177.909	0.002793	0.003036
177.9095	0.003438	0.003642
177.91	-0.001454	-0.001263
177.9105	0.004796	0.005669
177.911	0.002238	0.003163
177.9115	0.005405	0.006227
177.912	-0.006399	-0.005939
177.9125	-0.00259	-0.0024
177.913	-1.847175e-06	8.60116e-05
177.9135	-0.000503	-0.000759
177.914	0.000191	-0.000126
177.9145	-0.002285	-0.002536
177.915	-0.017235	-0.017468
177.9155	-0.002222	-0.002257
177.916	-0.000229	6.54413e-05
177.9165	0.002593	0.002953
177.917	0.000337	0.000475
177.9175	0.005732	0.005977
177.918	-0.006835	-0.006743
177.9185	-0.001027	-0.001588
177.919	-0.006218	-0.006851
177.9195	-0.008041	-0.009184
177.92	-0.003844	-0.004428
177.9205	0.000658	0.000603
177.921	-0.045845	-0.044434
177.9215	0.002001	0.003581
177.922	0.000151	0.003158
177.9225	-0.001025	0.003008
177.923	-0.005311	-0.000471
177.9235	0.001494	0.006942
177.924	0.000496	0.005978
177.9245	-0.00471	0.000235
177.925	-0.005151	-0.001247
177.9255	-0.000295	0.002959
177.926	-0.002464	-0.000588
177.9265	-0.005212	-0.004321
177.927	0.00173	0.001978
177.9275	0.000331	-9.305164e-05
177.928	-0.005564	-0.006177
177.9285	-0.002821	-0.003345
177.929	-5.045851e-05	-0.00013
177.9295	0.001432	0.001725
177.93	-0.005572	-0.00538
177.9305	-0.003417	-0.002646
177.931	0.001229	0.00238
177.9315	-0.000916	-4.605922e-05
177.932	0.014638	0.015395
177.9325	0.015443	0.016023
177.933	-0.006021	-0.00636
177.9335	-0.003793	-0.004461
177.934	-8.685617e-05	-0.000162
177.9345	0.013494	0.013181
177.935	-0.00368	-0.003916
177.9355	-0.000762	-0.000421
177.936	0.000333	0.001034
177.9365	-0.003415	-0.002785
177.937	-0.004476	-0.004072
177.9375	0.000241	0.000719
177.938	-0.001522	-0.001422
177.9385	-0.002356	-0.002826
177.939	-0.002689	-0.003642
177.9395	-0.001581	-0.002355
177.94	0.001202	0.000248
177.9405	0.003734	0.003564
177.941	0.001042	0.00164
177.9415	-0.001882	-0.00059
177.942	0.005005	0.007727
177.9425	0.003331	0.007409
177.943	-0.008462	-0.004027
177.9435	0.022532	0.027906
177.944	9.790654e-05	0.005381
177.9445	-0.003594	0.001169
177.945	-0.003307	0.000579
177.9455	-0.005744	-0.00312
177.946	-0.003924	-0.002176
177.9465	-0.002194	-0.001421
177.947	-0.002704	-0.002395
177.9475	0.000924	0.000575
177.948	0.002969	0.002302
177.9485	0.003927	0.003553
177.949	0.001562	0.001833
177.9495	-0.002316	-0.002099
177.95	0.006427	0.007359
177.9505	-0.003659	-0.002764
177.951	-0.004151	-0.002997
177.9515	-0.00425	-0.003198
177.952	-0.005627	-0.004825
177.9525	-0.004018	-0.003544
177.953	0.003285	0.003443
177.9535	-0.000408	-0.000614
177.954	-0.008918	-0.009167
177.9545	0.003834	0.004144
177.955	-0.000481	-0.000279
177.9555	0.015096	0.015716
177.956	-0.007406	-0.006536
177.9565	-0.002497	-0.001513
177.957	0.000553	0.001327
177.9575	-0.005568	-0.005015
177.958	-0.002289	-0.001956
177.9585	-0.017751	-0.018469
177.959	-0.004604	-0.005837
177.9595	0.005391	0.00428
177.96	0.002215	0.001626
177.9605	0.00123	0.001132
177.961	0.001657	0.001893
177.9615	0.002061	0.003521
177.962	0.001294	0.003779
177.9625	-0.001731	0.001452
177.963	-0.000549	0.003786
177.9635	0.004716	0.009552
177.964	-0.034648	-0.030448
177.9645	0.002863	0.00724
177.965	-0.011051	-0.007481
177.9655	0.005709	0.008511
177.966	0.017774	0.019542
177.9665	0.010438	0.011554
177.967	0.002263	0.002293
177.9675	-0.019723	-0.019984
177.968	-0.00171	-0.002278
177.9685	0.001036	0.000793
177.969	-0.0038	-0.003971
177.9695	-0.000496	-0.000176
177.97	-0.001808	-0.000875
177.9705	-0.005738	-0.004801
177.971	-0.01264	-0.011261
177.9715	-0.008262	-0.007147
177.972	0.003643	0.004794
177.9725	-0.009409	-0.008929
177.973	0.007597	0.008033
177.9735	-0.007829	-0.007947
177.974	0.006321	0.006581
177.9745	-0.008035	-0.008003
177.975	-0.006299	-0.006182
177.9755	-0.004717	-0.004123
177.976	0.003301	0.004332
177.9765	0.015649	0.016681
177.977	-0.006729	-0.005835
177.9775	0.002219	0.003069
177.978	0.003162	0.003946
177.9785	0.001905	0.001898
177.979	0.021135	0.021139
177.9795	0.000664	5.547738e-05
177.98	0.002982	0.002023
177.9805	0.002791	0.002589
177.981	0.003934	0.004307
177.9815	0.011064	0.012108
177.982	0.003078	0.005109
177.9825	-0.007259	-0.004099
177.983	0.001294	0.004927
177.9835	0.000573	0.004409
177.984	0.00436	0.00865
177.9845	0.005407	0.009417
177.985	-0.004659	-0.001732
177.9855	0.008476	0.011176
177.986	0.000561	0.002295
177.9865	-0.001378	-0.000698
177.987	-0.000311	-0.000317
177.9875	0.021362	0.021103
177.988	-0.004227	-0.004856
177.9885	-0.003781	-0.004338
177.989	-0.006588	-0.006557
177.9895	-0.00122	-0.000392
177.99	0.000519	0.001922
177.9905	0.002016	0.003377
177.991	0.006881	0.008487
177.9915	0.011111	0.01244
177.992	-0.004946	-0.003868
177.9925	-0.00048	0.000255
177.993	-0.002552	-0.002293
177.9935	-0.000161	4.172352e-05
177.994	-0.011429	-0.011284
177.9945	-0.005573	-0.00533
177.995	0.00152	0.002455
177.9955	-0.002081	-0.001338
177.996	-0.000933	8.838008e-05
177.9965	0.00259	0.003932
177.997	-0.011749	-0.010567
177.9975	-0.00422	-0.003241
177.998	0.005251	0.006012
177.9985	0.004119	0.004416
177.999	0.001953	0.001495
177.9995	0.002725	0.002433
178	-0.000645	-0.001343
