177	-0.199513
177.0005	-0.206039
177.001	-0.175919
177.0015	-0.195614
177.002	-0.198127
177.0025	-0.194565
177.003	-0.190418
177.0035	-0.192212
177.004	-0.192654
177.0045	-0.193087
177.005	-0.203497
177.0055	-0.201604
177.006	-0.231957
177.0065	-0.197876
177.007	-0.20062
177.0075	-0.198731
177.008	-0.197033
177.0085	-0.194598
177.009	-0.197314
177.0095	-0.202464
177.01	-0.190617
177.0105	-0.202565
177.011	-0.199261
177.0115	-0.195215
177.012	-0.200011
177.0125	-0.200507
177.013	-0.197648
177.0135	-0.201091
177.014	-0.207931
177.0145	-0.202587
177.015	-0.214511
177.0155	-0.194791
177.016	-0.195377
177.0165	-0.195008
177.017	-0.202887
177.0175	-0.20154
177.018	-0.206075
177.0185	-0.204349
177.019	-0.201161
177.0195	-0.202796
177.02	-0.208604
177.0205	-0.199369
177.021	-0.195921
177.0215	-0.194403
177.022	-0.194743
177.0225	-0.206105
177.023	-0.213947
177.0235	-0.19783
177.024	-0.198122
177.0245	-0.199514
177.025	-0.195976
177.0255	-0.201767
177.026	-0.199297
177.0265	-0.199666
177.027	-0.198039
177.0275	-0.188368
177.028	-0.184696
177.0285	-0.210275
177.029	-0.200964
177.0295	-0.183523
177.03	-0.209489
177.0305	-0.203925
177.031	-0.196359
177.0315	-0.199507
177.032	-0.196319
177.0325	-0.1993
177.033	-0.199685
177.0335	-0.20058
177.034	-0.198078
177.0345	-0.19871
177.035	-0.191278
177.0355	-0.191571
177.036	-0.192808
177.0365	-0.18966
177.037	-0.188003
177.0375	-0.190673
177.038	-0.193697
177.0385	-0.190803
177.039	-0.183106
177.0395	-0.189129
177.04	-0.180869
177.0405	-0.184853
177.041	-0.185135
177.0415	-0.188827
177.042	-0.18579
177.0425	-0.190553
177.043	-0.18476
177.0435	-0.192252
177.044	-0.178636
177.0445	-0.215183
177.045	-0.166273
177.0455	-0.175634
177.046	-0.172816
177.0465	-0.168364
177.047	-0.191396
177.0475	-0.181503
177.048	-0.184907
177.0485	-0.171202
177.049	-0.173211
177.0495	-0.172545
177.05	-0.166071
177.0505	-0.173537
177.051	-0.159372
177.0515	-0.169595
177.052	-0.140885
177.0525	-0.163076
177.053	-0.159677
177.0535	-0.151496
177.054	-0.143032
177.0545	-0.155652
177.055	-0.168986
177.0555	-0.143974
177.056	-0.155454
177.0565	-0.155533
177.057	-0.149578
177.0575	-0.14499
177.058	-0.149003
177.0585	-0.144097
177.059	-0.146041
177.0595	-0.145419
177.06	-0.188487
177.0605	-0.156631
177.061	-0.154108
177.0615	-0.120077
177.062	-0.127342
177.0625	-0.1239
177.063	-0.125786
177.0635	-0.122514
177.064	-0.118763
177.0645	-0.115843
177.065	-0.111471
177.0655	-0.110481
177.066	-0.110726
177.0665	-0.104362
177.067	-0.102549
177.0675	-0.085387
177.068	-0.105148
177.0685	-0.09861
177.069	-0.096712
177.0695	-0.096432
177.07	-0.089154
177.0705	-0.085721
177.071	-0.088802
177.0715	-0.081206
177.072	-0.076287
177.0725	-0.072068
177.073	-0.071295
177.0735	-0.067386
177.074	-0.059292
177.0745	-0.076011
177.075	-0.054673
177.0755	-0.041601
177.076	-0.052231
177.0765	-0.043757
177.077	-0.032358
177.0775	-0.038138
177.078	-0.027737
177.0785	-0.030507
177.079	-0.028404
177.0795	-0.020893
177.08	-0.016988
177.0805	-0.010638
177.081	-0.014153
177.0815	-0.013319
177.082	-0.005423
177.0825	-0.005483
177.083	-0.003238
177.0835	-0.002157
177.084	-0.011827
177.0845	0.01065
177.085	0.010599
177.0855	0.013633
177.086	0.036718
177.0865	0.022377
177.087	0.034891
177.0875	0.021877
177.088	0.024844
177.0885	0.032441
177.089	0.036441
177.0895	0.044777
177.09	0.037717
177.0905	0.049609
177.091	0.050205
177.0915	0.054604
177.092	0.039702
177.0925	0.060264
177.093	0.064333
177.0935	0.064852
177.094	0.075103
177.0945	0.066182
177.095	0.048884
177.0955	0.065578
177.096	0.068293
177.0965	0.065889
177.097	0.075955
177.0975	0.079214
177.098	0.083858
177.0985	0.08517
177.099	0.086782
177.0995	0.083417
177.1	0.096011
177.1005	0.095606
177.101	0.111134
177.1015	0.10401
177.102	0.10703
177.1025	0.109599
177.103	0.109593
177.1035	0.115203
177.104	0.126323
177.1045	0.118585
177.105	0.116235
177.1055	0.118285
177.106	0.126398
177.1065	0.128733
177.107	0.126203
177.1075	0.125037
177.108	0.12835
177.1085	0.138079
177.109	0.13911
177.1095	0.145339
177.11	0.157948
177.1105	0.139741
177.111	0.14691
177.1115	0.152439
177.112	0.153154
177.1125	0.151825
177.113	0.133777
177.1135	0.121846
177.114	0.122771
177.1145	0.123534
177.115	0.124315
177.1155	0.129394
177.116	0.121149
177.1165	0.13952
177.117	0.129649
177.1175	0.130499
177.118	0.125728
177.1185	0.125327
177.119	0.127489
177.1195	0.110757
177.12	0.141536
177.1205	0.130506
177.121	0.109319
177.1215	0.129631
177.122	0.129741
177.1225	0.128708
177.123	0.123646
177.1235	0.121723
177.124	0.12488
177.1245	0.122813
177.125	0.121885
177.1255	0.115253
177.126	0.115415
177.1265	0.114037
177.127	0.113287
177.1275	0.118201
177.128	0.108815
177.1285	0.113288
177.129	0.107476
177.1295	0.109275
177.13	0.106943
177.1305	0.080619
177.131	0.100684
177.1315	0.108046
177.132	0.105799
177.1325	0.111845
177.133	0.109003
177.1335	0.111689
177.134	0.106813
177.1345	0.115876
177.135	0.110868
177.1355	0.108297
177.136	0.107039
177.1365	0.100066
177.137	0.108546
177.1375	0.106166
177.138	0.111925
177.1385	0.109195
177.139	0.113923
177.1395	0.107901
177.14	0.106109
177.1405	0.1004
177.141	0.09972
177.1415	0.103941
177.142	0.095497
177.1425	0.089767
177.143	0.095782
177.1435	0.088055
177.144	0.091159
177.1445	0.093159
177.145	0.089411
177.1455	0.088932
177.146	0.081667
177.1465	0.085789
177.147	0.089937
177.1475	0.086121
177.148	0.077351
177.1485	0.076802
177.149	0.073028
177.1495	0.078743
177.15	0.072842
177.1505	0.071823
177.151	0.068439
177.1515	0.067121
177.152	0.068466
177.1525	0.068306
177.153	0.06363
177.1535	0.07222
177.154	0.083152
177.1545	0.074726
177.155	0.072057
177.1555	0.073981
177.156	0.066696
177.1565	0.080862
177.157	0.066862
177.1575	0.070794
177.158	0.074933
177.1585	0.064657
177.159	0.071298
177.1595	0.071309
177.16	0.071038
177.1605	0.068839
177.161	0.06691
177.1615	0.062866
177.162	0.069792
177.1625	0.061703
177.163	0.0694
177.1635	0.066017
177.164	0.04947
177.1645	0.066536
177.165	0.061625
177.1655	0.0602
177.166	0.053772
177.1665	0.059046
177.167	0.054991
177.1675	0.061272
177.168	0.056914
177.1685	0.053216
177.169	0.058078
177.1695	0.05377
177.17	0.054849
177.1705	0.055994
177.171	0.045004
177.1715	0.050968
177.172	0.053463
177.1725	0.057694
177.173	0.050461
177.1735	0.055702
177.174	0.053106
177.1745	0.056241
177.175	0.052339
177.1755	0.057813
177.176	0.059136
177.1765	0.054921
177.177	0.061588
177.1775	0.059678
177.178	0.054065
177.1785	0.061334
177.179	0.053813
177.1795	0.0557
177.18	0.055652
177.1805	0.046563
177.181	0.062054
177.1815	0.056073
177.182	0.054908
177.1825	0.056034
177.183	0.058689
177.1835	0.051873
177.184	0.055531
177.1845	0.048338
177.185	0.047857
177.1855	0.057625
177.186	0.064413
177.1865	0.058174
177.187	0.053198
177.1875	0.050872
177.188	0.051577
177.1885	0.052331
177.189	0.054132
177.1895	0.040107
177.19	0.046796
177.1905	0.042101
177.191	0.044749
177.1915	0.042935
177.192	0.047228
177.1925	0.045681
177.193	0.04754
177.1935	0.045368
177.194	0.043234
177.1945	0.043859
177.195	0.045346
177.1955	0.043232
177.196	0.03651
177.1965	0.037025
177.197	0.020777
177.1975	0.029349
177.198	0.038839
177.1985	0.057148
177.199	0.034577
177.1995	0.039935
177.2	0.034027
177.2005	0.041154
177.201	0.033782
177.2015	0.037997
177.202	0.033946
177.2025	0.038383
177.203	0.029468
177.2035	0.03396
177.204	0.030475
177.2045	0.03063
177.205	0.019473
177.2055	0.027436
177.206	0.023236
177.2065	0.022991
177.207	0.016975
177.2075	0.028475
177.208	0.024889
177.2085	0.019334
177.209	0.021041
177.2095	0.014237
177.21	0.023726
177.2105	0.013539
177.211	0.015033
177.2115	0.004421
177.212	-0.034364
177.2125	-0.019386
177.213	-0.001416
177.2135	-0.004554
177.214	-0.011528
177.2145	-0.020265
177.215	-0.011131
177.2155	-0.013637
177.216	-0.019517
177.2165	-0.019141
177.217	-0.022438
177.2175	-0.023425
177.218	-0.016623
177.2185	-0.023606
177.219	-0.007546
177.2195	-0.02635
177.22	-0.022166
177.2205	-0.031948
177.221	-0.022348
177.2215	-0.022494
177.222	-0.067163
177.2225	-0.021654
177.223	-0.024349
177.2235	-0.030232
177.224	-0.031128
177.2245	-0.027816
177.225	-0.020562
177.2255	-0.030527
177.226	-0.035128
177.2265	-0.030599
177.227	-0.042868
177.2275	-0.030692
177.228	-0.035137
177.2285	-0.030453
177.229	-0.045252
177.2295	-0.023087
177.23	-0.022368
177.2305	-0.02711
177.231	-0.02055
177.2315	-0.017418
177.232	-0.022638
177.2325	-0.015752
177.233	-0.020962
177.2335	-0.019747
177.234	-0.014485
177.2345	-0.005301
177.235	-0.017258
177.2355	-0.019123
177.236	-0.021194
177.2365	-0.02345
177.237	-0.019718
177.2375	-0.021997
177.238	-0.019731
177.2385	-0.022444
177.239	-0.023937
177.2395	-0.026238
177.24	-0.03913
177.2405	-0.021241
177.241	-0.021205
177.2415	-0.025748
177.242	-0.026336
177.2425	-0.050113
177.243	-0.021881
177.2435	-0.024381
177.244	-0.029003
177.2445	-0.032033
177.245	-0.00425
177.2455	-0.034191
177.246	-0.028404
177.2465	-0.02825
177.247	-0.020986
177.2475	-0.023567
177.248	-0.035025
177.2485	-0.026122
177.249	-0.025326
177.2495	-0.026897
177.25	-0.01885
177.2505	-0.022848
177.251	-0.024789
177.2515	-0.022925
177.252	-0.020664
177.2525	-0.018926
177.253	-0.024004
177.2535	-0.009598
177.254	-0.019054
177.2545	-0.018861
177.255	-0.022727
177.2555	-0.019112
177.256	-0.022178
177.2565	-0.022951
177.257	-0.018166
177.2575	-0.01649
177.258	-0.024735
177.2585	-0.017284
177.259	-0.025789
177.2595	-0.022408
177.26	-0.017321
177.2605	-0.016744
177.261	-0.013618
177.2615	-0.017038
177.262	-0.017483
177.2625	-0.025298
177.263	-0.018759
177.2635	-0.04296
177.264	-0.021763
177.2645	-0.025224
177.265	-0.020893
177.2655	-0.02014
177.266	-0.030148
177.2665	-0.023177
177.267	-0.026419
177.2675	-0.022454
177.268	-0.02578
177.2685	-0.027793
177.269	-0.025886
177.2695	-0.025755
177.27	-0.025843
177.2705	-0.019737
177.271	-0.028403
177.2715	-0.018015
177.272	-0.023789
177.2725	-0.019743
177.273	-0.010831
177.2735	-0.025067
177.274	-0.018709
177.2745	-0.019947
177.275	-0.013607
177.2755	-0.018648
177.276	-0.015591
177.2765	-0.019412
177.277	-0.025443
177.2775	-0.015957
177.278	-0.003171
177.2785	-0.016216
177.279	-0.018229
177.2795	-0.018325
177.28	-0.015385
177.2805	-0.017848
177.281	-0.016332
177.2815	-0.016465
177.282	-0.020173
177.2825	-0.011762
177.283	-0.016134
177.2835	-0.022814
177.284	-0.017886
177.2845	-0.021222
177.285	-0.024282
177.2855	-0.018298
177.286	-0.022775
177.2865	-0.017843
177.287	-0.022434
177.2875	-0.020894
177.288	-0.019244
177.2885	-0.028736
177.289	-0.01451
177.2895	-0.019937
177.29	-0.009485
177.2905	-0.022811
177.291	-0.02595
177.2915	-0.017684
177.292	-0.021264
177.2925	-0.02102
177.293	-0.01715
177.2935	-0.011599
177.294	-0.013879
177.2945	-0.008933
177.295	-0.003414
177.2955	-0.025103
177.296	-0.015342
177.2965	-0.014464
177.297	-0.018787
177.2975	-0.018227
177.298	-0.011746
177.2985	-0.02301
177.299	-0.024267
177.2995	-0.012716
177.3	-0.0197
177.3005	-0.019487
177.301	-0.010941
177.3015	-0.014258
177.302	-0.010381
177.3025	-0.016241
177.303	-0.01575
177.3035	-0.022585
177.304	-0.020124
177.3045	-0.016031
177.305	-0.018436
177.3055	-0.0213
177.306	-0.021537
177.3065	-0.016662
177.307	-0.019975
177.3075	-0.021984
177.308	-0.026742
177.3085	-0.01989
177.309	-0.016454
177.3095	-0.011346
177.31	-0.016387
177.3105	-0.005512
177.311	-0.024412
177.3115	-0.017655
177.312	-0.016017
177.3125	-0.020623
177.313	-0.004692
177.3135	-0.019794
177.314	-0.015035
177.3145	-0.015231
177.315	-0.016433
177.3155	-0.011271
177.316	-0.014422
177.3165	-0.017401
177.317	-0.017244
177.3175	-0.017026
177.318	-0.026809
177.3185	-0.024685
177.319	-0.013505
177.3195	-0.021769
177.32	-0.021845
177.3205	-0.015761
177.321	-0.014199
177.3215	-0.000108
177.322	-0.019839
177.3225	-0.011953
177.323	-0.018878
177.3235	-0.020487
177.324	-0.027694
177.3245	-0.010278
177.325	-0.015616
177.3255	-0.017911
177.326	-0.023891
177.3265	-0.011193
177.327	-0.018227
177.3275	-0.012693
177.328	-0.020908
177.3285	-0.018812
177.329	-0.025442
177.3295	-0.015979
177.33	-0.015601
177.3305	-0.015688
177.331	-0.017574
177.3315	-0.019823
177.332	-0.074643
177.3325	-0.015637
177.333	-0.01586
177.3335	0.00139
177.334	-0.020789
177.3345	-0.016593
177.335	-0.010046
177.3355	-0.018099
177.336	-0.021908
177.3365	-0.043077
177.337	-0.017688
177.3375	-0.019075
177.338	-0.019233
177.3385	-0.01901
177.339	-0.016762
177.3395	-0.012708
177.34	-0.036389
177.3405	-0.020562
177.341	-0.026378
177.3415	-0.03005
177.342	-0.024912
177.3425	-0.021057
177.343	-0.025548
177.3435	-0.021668
177.344	-0.019445
177.3445	-0.017897
177.345	0.003104
177.3455	-0.023682
177.346	-0.048998
177.3465	-0.017695
177.347	-0.01826
177.3475	-0.015614
177.348	-0.015328
177.3485	-0.007877
177.349	-0.008058
177.3495	0.000243
177.35	-0.004232
177.3505	-0.006521
177.351	0.007713
177.3515	0.005343
177.352	0.004925
177.3525	-0.006916
177.353	-0.002543
177.3535	0.006355
177.354	0.002342
177.3545	0.005889
177.355	0.011871
177.3555	0.005168
177.356	0.010493
177.3565	0.015868
177.357	0.020661
177.3575	0.019401
177.358	0.021541
177.3585	0.010179
177.359	0.023255
177.3595	0.022978
177.36	0.02461
177.3605	0.023842
177.361	0.031906
177.3615	0.032541
177.362	0.033736
177.3625	0.031429
177.363	0.040546
177.3635	0.043155
177.364	0.045286
177.3645	0.052241
177.365	0.050672
177.3655	0.053991
177.366	0.049275
177.3665	0.05121
177.367	0.053849
177.3675	0.039519
177.368	0.055366
177.3685	0.060638
177.369	0.052868
177.3695	0.065464
177.37	0.068074
177.3705	0.06341
177.371	0.06092
177.3715	0.074256
177.372	0.075005
177.3725	0.073265
177.373	0.0795
177.3735	0.076633
177.374	0.04823
177.3745	0.087469
177.375	0.088468
177.3755	0.082575
177.376	0.088804
177.3765	0.090836
177.377	0.095852
177.3775	0.092938
177.378	0.116455
177.3785	0.102829
177.379	0.101607
177.3795	0.107065
177.38	0.109427
177.3805	0.118611
177.381	0.13292
177.3815	0.085602
177.382	0.118405
177.3825	0.129114
177.383	0.133522
177.3835	0.13002
177.384	0.147732
177.3845	0.146045
177.385	0.121219
177.3855	0.147244
177.386	0.152775
177.3865	0.160313
177.387	0.159823
177.3875	0.166213
177.388	0.16714
177.3885	0.15889
177.389	0.173398
177.3895	0.18927
177.39	0.172759
177.3905	0.173279
177.391	0.17939
177.3915	0.1803
177.392	0.181104
177.3925	0.192685
177.393	0.194223
177.3935	0.198066
177.394	0.201372
177.3945	0.206151
177.395	0.193491
177.3955	0.204157
177.396	0.209937
177.3965	0.217015
177.397	0.195866
177.3975	0.224517
177.398	0.232186
177.3985	0.237778
177.399	0.238105
177.3995	0.238698
177.4	0.245278
177.4005	0.253579
177.401	0.271514
177.4015	0.257807
177.402	0.257803
177.4025	0.266128
177.403	0.268814
177.4035	0.274782
177.404	0.279687
177.4045	0.28324
177.405	0.292455
177.4055	0.294639
177.406	0.293173
177.4065	0.296569
177.407	0.320831
177.4075	0.295988
177.408	0.304214
177.4085	0.311262
177.409	0.316777
177.4095	0.322605
177.41	0.332187
177.4105	0.324917
177.411	0.328242
177.4115	0.322789
177.412	0.329711
177.4125	0.358284
177.413	0.340384
177.4135	0.34289
177.414	0.35114
177.4145	0.339322
177.415	0.354415
177.4155	0.355654
177.416	0.362555
177.4165	0.364126
177.417	0.365308
177.4175	0.367792
177.418	0.371331
177.4185	0.370203
177.419	0.380837
177.4195	0.381374
177.42	0.385764
177.4205	0.390584
177.421	0.390936
177.4215	0.401931
177.422	0.388111
177.4225	0.39924
177.423	0.429153
177.4235	0.412363
177.424	0.416083
177.4245	0.430955
177.425	0.423098
177.4255	0.426745
177.426	0.42923
177.4265	0.434035
177.427	0.437432
177.4275	0.446421
177.428	0.443465
177.4285	0.449873
177.429	0.464117
177.4295	0.464967
177.43	0.470687
177.4305	0.462194
177.431	0.449199
177.4315	0.475083
177.432	0.479653
177.4325	0.477617
177.433	0.489261
177.4335	0.497356
177.434	0.483976
177.4345	0.498657
177.435	0.498364
177.4355	0.518633
177.436	0.504168
177.4365	0.511803
177.437	0.515289
177.4375	0.5191
177.438	0.522334
177.4385	0.526204
177.439	0.535278
177.4395	0.531695
177.44	0.531597
177.4405	0.533443
177.441	0.546855
177.4415	0.537797
177.442	0.546299
177.4425	0.548563
177.443	0.535916
177.4435	0.557214
177.444	0.563483
177.4445	0.570266
177.445	0.576191
177.4455	0.571117
177.446	0.571826
177.4465	0.572563
177.447	0.581796
177.4475	0.592403
177.448	0.59241
177.4485	0.588741
177.449	0.602221
177.4495	0.607173
177.45	0.60341
177.4505	0.620642
177.451	0.60545
177.4515	0.612759
177.452	0.615211
177.4525	0.619814
177.453	0.619997
177.4535	0.604608
177.454	0.633752
177.4545	0.630083
177.455	0.637026
177.4555	0.639538
177.456	0.635217
177.4565	0.645802
177.457	0.655821
177.4575	0.651895
177.458	0.657194
177.4585	0.656056
177.459	0.65659
177.4595	0.667067
177.46	0.674391
177.4605	0.676203
177.461	0.678064
177.4615	0.684048
177.462	0.683301
177.4625	0.685292
177.463	0.688427
177.4635	0.700114
177.464	0.706274
177.4645	0.702985
177.465	0.706163
177.4655	0.7119
177.466	0.718437
177.4665	0.717102
177.467	0.716364
177.4675	0.726054
177.468	0.728651
177.4685	0.734739
177.469	0.73411
177.4695	0.746694
177.47	0.742135
177.4705	0.750178
177.471	0.744761
177.4715	0.758666
177.472	0.762517
177.4725	0.769487
177.473	0.763039
177.4735	0.772668
177.474	0.786127
177.4745	0.777668
177.475	0.773182
177.4755	0.779794
177.476	0.788944
177.4765	0.797013
177.477	0.793441
177.4775	0.795996
177.478	0.81201
177.4785	0.806429
177.479	0.812395
177.4795	0.812878
177.48	0.813042
177.4805	0.823817
177.481	0.823482
177.4815	0.828587
177.482	0.829838
177.4825	0.852181
177.483	0.83379
177.4835	0.838703
177.484	0.843778
177.4845	0.852777
177.485	0.852266
177.4855	0.850442
177.486	0.853801
177.4865	0.855115
177.487	0.860795
177.4875	0.864194
177.488	0.869213
177.4885	0.865346
177.489	0.87319
177.4895	0.880865
177.49	0.876762
177.4905	0.874119
177.491	0.887888
177.4915	0.89463
177.492	0.891759
177.4925	0.896596
177.493	0.899768
177.4935	0.902309
177.494	0.908275
177.4945	0.901744
177.495	0.907838
177.4955	0.88191
177.496	0.916759
177.4965	0.922506
177.497	0.920251
177.4975	0.921581
177.498	0.927808
177.4985	0.927502
177.499	0.932078
177.4995	0.94146
177.5	0.932499
177.5005	0.940554
177.501	0.923691
177.5015	0.932322
177.502	0.948607
177.5025	0.94965
177.503	0.950995
177.5035	0.94491
177.504	0.952219
177.5045	0.954592
177.505	0.956262
177.5055	0.96125
177.506	0.961069
177.5065	0.965219
177.507	0.983555
177.5075	0.969851
177.508	0.967404
177.5085	0.971186
177.509	0.977327
177.5095	0.980925
177.51	0.972592
177.5105	0.979816
177.511	0.984777
177.5115	0.990055
177.512	0.989411
177.5125	0.987793
177.513	0.969381
177.5135	1.004977
177.514	0.999108
177.5145	0.994004
177.515	1.005861
177.5155	1.01723
177.516	1.006217
177.5165	1.002628
177.517	1.008003
177.5175	1.01849
177.518	1.016984
177.5185	1.018427
177.519	1.014593
177.5195	1.015187
177.52	1.020056
177.5205	1.021349
177.521	1.038459
177.5215	1.030482
177.522	1.047214
177.5225	1.026773
177.523	1.031463
177.5235	1.050245
177.524	1.042117
177.5245	1.050547
177.525	1.036917
177.5255	1.034955
177.526	1.051154
177.5265	1.050878
177.527	1.044462
177.5275	1.043208
177.528	1.051751
177.5285	1.056137
177.529	1.056021
177.5295	1.052221
177.53	1.052571
177.5305	1.052574
177.531	1.053544
177.5315	1.062169
177.532	1.062745
177.5325	1.050877
177.533	1.057229
177.5335	1.071057
177.534	1.06248
177.5345	1.0738
177.535	1.072829
177.5355	1.082162
177.536	1.071815
177.5365	1.067412
177.537	1.059784
177.5375	1.083402
177.538	1.085025
177.5385	1.086051
177.539	1.086915
177.5395	1.090637
177.54	1.107577
177.5405	1.094775
177.541	1.098095
177.5415	1.10135
177.542	1.108789
177.5425	1.09943
177.543	1.107072
177.5435	1.107845
177.544	1.108853
177.5445	1.115401
177.545	1.115139
177.5455	1.115866
177.546	1.116482
177.5465	1.119665
177.547	1.102523
177.5475	1.12435
177.548	1.131561
177.5485	1.132542
177.549	1.135458
177.5495	1.137725
177.55	1.139857
177.5505	1.138125
177.551	1.123149
177.5515	1.141371
177.552	1.150591
177.5525	1.141194
177.553	1.147416
177.5535	1.152332
177.554	1.156957
177.5545	1.173084
177.555	1.140608
177.5555	1.159921
177.556	1.169944
177.5565	1.160149
177.557	1.168629
177.5575	1.163934
177.558	1.164924
177.5585	1.168866
177.559	1.176788
177.5595	1.179876
177.56	1.166228
177.5605	1.17505
177.561	1.163699
177.5615	1.176282
177.562	1.176678
177.5625	1.173626
177.563	1.17964
177.5635	1.17837
177.564	1.182165
177.5645	1.190845
177.565	1.181286
177.5655	1.200245
177.566	1.190366
177.5665	1.159242
177.567	1.187872
177.5675	1.209947
177.568	1.198302
177.5685	1.201531
177.569	1.191065
177.5695	1.180566
177.57	1.20456
177.5705	1.202597
177.571	1.200905
177.5715	1.215879
177.572	1.208812
177.5725	1.211757
177.573	1.209134
177.5735	1.210227
177.574	1.20118
177.5745	1.210271
177.575	1.214602
177.5755	1.229214
177.576	1.22163
177.5765	1.214908
177.577	1.218764
177.5775	1.219612
177.578	1.218196
177.5785	1.213922
177.579	1.215892
177.5795	1.20991
177.58	1.216586
177.5805	1.211684
177.581	1.217363
177.5815	1.218686
177.582	1.219461
177.5825	1.218627
177.583	1.218094
177.5835	1.217374
177.584	1.215888
177.5845	1.224038
177.585	1.22427
177.5855	1.229691
177.586	1.23105
177.5865	1.225068
177.587	1.230017
177.5875	1.238574
177.588	1.23101
177.5885	1.227325
177.589	1.228956
177.5895	1.238131
177.59	1.231185
177.5905	1.238335
177.591	1.235448
177.5915	1.240583
177.592	1.242244
177.5925	1.236241
177.593	1.241172
177.5935	1.235194
177.594	1.238321
177.5945	1.234834
177.595	1.245645
177.5955	1.253557
177.596	1.231484
177.5965	1.217396
177.597	1.235927
177.5975	1.252803
177.598	1.270027
177.5985	1.240753
177.599	1.2401
177.5995	1.239909
177.6	1.24055
177.6005	1.247196
177.601	1.245357
177.6015	1.250373
177.602	1.246227
177.6025	1.253552
177.603	1.242973
177.6035	1.251879
177.604	1.251521
177.6045	1.24273
177.605	1.243997
177.6055	1.258152
177.606	1.253785
177.6065	1.257904
177.607	1.260183
177.6075	1.263329
177.608	1.256885
177.6085	1.249722
177.609	1.255138
177.6095	1.26327
177.61	1.255302
177.6105	1.258875
177.611	1.250697
177.6115	1.251885
177.612	1.258348
177.6125	1.258427
177.613	1.264458
177.6135	1.255763
177.614	1.255598
177.6145	1.257985
177.615	1.255912
177.6155	1.261095
177.616	1.252696
177.6165	1.257104
177.617	1.251269
177.6175	1.248702
177.618	1.25596
177.6185	1.258283
177.619	1.247556
177.6195	1.259981
177.62	1.267863
177.6205	1.240302
177.621	1.255712
177.6215	1.251563
177.622	1.254216
177.6225	1.253946
177.623	1.254212
177.6235	1.256022
177.624	1.252088
177.6245	1.25328
177.625	1.248489
177.6255	1.257373
177.626	1.263646
177.6265	1.221509
177.627	1.261223
177.6275	1.260685
177.628	1.2588
177.6285	1.25602
177.629	1.249552
177.6295	1.249554
177.63	1.259506
177.6305	1.249338
177.631	1.258095
177.6315	1.255823
177.632	1.253536
177.6325	1.25525
177.633	1.258072
177.6335	1.250913
177.634	1.255431
177.6345	1.261572
177.635	1.266426
177.6355	1.252757
177.636	1.25184
177.6365	1.256665
177.637	1.259417
177.6375	1.254188
177.638	1.245286
177.6385	1.269697
177.639	1.263631
177.6395	1.271722
177.64	1.267048
177.6405	1.269242
177.641	1.265603
177.6415	1.266871
177.642	1.265442
177.6425	1.272415
177.643	1.266938
177.6435	1.271674
177.644	1.263354
177.6445	1.265913
177.645	1.273589
177.6455	1.268584
177.646	1.279409
177.6465	1.274961
177.647	1.28194
177.6475	1.27819
177.648	1.279879
177.6485	1.278584
177.649	1.280799
177.6495	1.275717
177.65	1.298985
177.6505	1.276619
177.651	1.281089
177.6515	1.277975
177.652	1.307099
177.6525	1.280291
177.653	1.283149
177.6535	1.290233
177.654	1.281862
177.6545	1.278784
177.655	1.282486
177.6555	1.28385
177.656	1.281054
177.6565	1.288397
177.657	1.287086
177.6575	1.284043
177.658	1.288118
177.6585	1.302113
177.659	1.296824
177.6595	1.281445
177.66	1.288157
177.6605	1.284526
177.661	1.284857
177.6615	1.288856
177.662	1.292884
177.6625	1.282828
177.663	1.289015
177.6635	1.251592
177.664	1.290651
177.6645	1.275673
177.665	1.291384
177.6655	1.302238
177.666	1.301754
177.6665	1.294786
177.667	1.29428
177.6675	1.294302
177.668	1.28545
177.6685	1.291432
177.669	1.287357
177.6695	1.266029
177.67	1.294008
177.6705	1.298273
177.671	1.284342
177.6715	1.282185
177.672	1.294431
177.6725	1.290583
177.673	1.288734
177.6735	1.292184
177.674	1.292358
177.6745	1.295564
177.675	1.294361
177.6755	1.295381
177.676	1.304774
177.6765	1.294591
177.677	1.294754
177.6775	1.292067
177.678	1.290672
177.6785	1.296289
177.679	1.294541
177.6795	1.288748
177.68	1.292538
177.6805	1.289196
177.681	1.285479
177.6815	1.293859
177.682	1.297677
177.6825	1.292932
177.683	1.290434
177.6835	1.295458
177.684	1.288491
177.6845	1.290494
177.685	1.292611
177.6855	1.295014
177.686	1.290972
177.6865	1.286698
177.687	1.286477
177.6875	1.287247
177.688	1.289318
177.6885	1.292006
177.689	1.292661
177.6895	1.286233
177.69	1.274529
177.6905	1.286312
177.691	1.284382
177.6915	1.284897
177.692	1.289041
177.6925	1.261326
177.693	1.286277
177.6935	1.279075
177.694	1.280935
177.6945	1.278102
177.695	1.250382
177.6955	1.284085
177.696	1.283636
177.6965	1.274285
177.697	1.27458
177.6975	1.270487
177.698	1.293687
177.6985	1.267248
177.699	1.274183
177.6995	1.268578
177.7	1.249374
177.7005	1.275465
177.701	1.27923
177.7015	1.28108
177.702	1.272102
177.7025	1.274679
177.703	1.277687
177.7035	1.26658
177.704	1.27305
177.7045	1.273229
177.705	1.270798
177.7055	1.270899
177.706	1.266752
177.7065	1.266202
177.707	1.25736
177.7075	1.262534
177.708	1.261974
177.7085	1.259844
177.709	1.266149
177.7095	1.254933
177.71	1.260834
177.7105	1.263772
177.711	1.258771
177.7115	1.255582
177.712	1.261229
177.7125	1.259276
177.713	1.25866
177.7135	1.263005
177.714	1.261161
177.7145	1.252013
177.715	1.260179
177.7155	1.248248
177.716	1.255781
177.7165	1.251253
177.717	1.261724
177.7175	1.251848
177.718	1.24699
177.7185	1.242602
177.719	1.249652
177.7195	1.250551
177.72	1.253924
177.7205	1.255251
177.721	1.248001
177.7215	1.251615
177.722	1.250801
177.7225	1.245879
177.723	1.243944
177.7235	1.248071
177.724	1.245181
177.7245	1.246512
177.725	1.245611
177.7255	1.239473
177.726	1.241156
177.7265	1.239452
177.727	1.238384
177.7275	1.240977
177.728	1.2398
177.7285	1.240086
177.729	1.213868
177.7295	1.25925
177.73	1.268115
177.7305	1.240513
177.731	1.24092
177.7315	1.239842
177.732	1.240248
177.7325	1.223157
177.733	1.234169
177.7335	1.236922
177.734	1.231308
177.7345	1.224772
177.735	1.240039
177.7355	1.238625
177.736	1.235953
177.7365	1.237746
177.737	1.240561
177.7375	1.245555
177.738	1.23858
177.7385	1.230976
177.739	1.2376
177.7395	1.242405
177.74	1.237273
177.7405	1.239441
177.741	1.244209
177.7415	1.242323
177.742	1.238186
177.7425	1.239751
177.743	1.240563
177.7435	1.227923
177.744	1.249186
177.7445	1.240953
177.745	1.241709
177.7455	1.233048
177.746	1.237423
177.7465	1.244013
177.747	1.237563
177.7475	1.224881
177.748	1.237611
177.7485	1.241934
177.749	1.24541
177.7495	1.236809
177.75	1.256703
177.7505	1.241711
177.751	1.236737
177.7515	1.238458
177.752	1.237829
177.7525	1.235643
177.753	1.237657
177.7535	1.245797
177.754	1.241121
177.7545	1.242803
177.755	1.240963
177.7555	1.246077
177.756	1.235599
177.7565	1.241177
177.757	1.237009
177.7575	1.236589
177.758	1.233891
177.7585	1.221727
177.759	1.231353
177.7595	1.235612
177.76	1.24124
177.7605	1.245297
177.761	1.230037
177.7615	1.23768
177.762	1.237567
177.7625	1.231505
177.763	1.23348
177.7635	1.192077
177.764	1.243663
177.7645	1.236508
177.765	1.238095
177.7655	1.23696
177.766	1.233434
177.7665	1.226741
177.767	1.237054
177.7675	1.20284
177.768	1.228973
177.7685	1.230564
177.769	1.230067
177.7695	1.212011
177.77	1.228682
177.7705	1.225184
177.771	1.227222
177.7715	1.22781
177.772	1.224151
177.7725	1.22592
177.773	1.228327
177.7735	1.230141
177.774	1.229609
177.7745	1.228654
177.775	1.229232
177.7755	1.243501
177.776	1.225854
177.7765	1.219241
177.777	1.241994
177.7775	1.225692
177.778	1.227396
177.7785	1.224931
177.779	1.229412
177.7795	1.235238
177.78	1.226897
177.7805	1.230164
177.781	1.22652
177.7815	1.222341
177.782	1.225664
177.7825	1.229475
177.783	1.230422
177.7835	1.219945
177.784	1.224937
177.7845	1.225829
177.785	1.228864
177.7855	1.226002
177.786	1.21257
177.7865	1.229271
177.787	1.222473
177.7875	1.222106
177.788	1.220612
177.7885	1.216973
177.789	1.211313
177.7895	1.216815
177.79	1.220921
177.7905	1.22761
177.791	1.218627
177.7915	1.226645
177.792	1.218317
177.7925	1.226598
177.793	1.21329
177.7935	1.216681
177.794	1.219661
177.7945	1.211613
177.795	1.22429
177.7955	1.225591
177.796	1.238104
177.7965	1.224701
177.797	1.218955
177.7975	1.217277
177.798	1.213958
177.7985	1.211633
177.799	1.229127
177.7995	1.221654
177.8	1.223013
177.8005	1.219662
177.801	1.221347
177.8015	1.224462
177.802	1.222932
177.8025	1.18148
177.803	1.247155
177.8035	1.222788
177.804	1.212946
177.8045	1.222866
177.805	1.227803
177.8055	1.228418
177.806	1.228088
177.8065	1.223427
177.807	1.216606
177.8075	1.225395
177.808	1.220956
177.8085	1.224172
177.809	1.222401
177.8095	1.209381
177.81	1.198418
177.8105	1.22273
177.811	1.221695
177.8115	1.218416
177.812	1.212597
177.8125	1.222056
177.813	1.225205
177.8135	1.212795
177.814	1.212827
177.8145	1.217269
177.815	1.234845
177.8155	1.223412
177.816	1.223035
177.8165	1.220221
177.817	1.224993
177.8175	1.224505
177.818	1.219203
177.8185	1.222532
177.819	1.215457
177.8195	1.216874
177.82	1.224456
177.8205	1.231982
177.821	1.230471
177.8215	1.227489
177.822	1.245142
177.8225	1.238877
177.823	1.231441
177.8235	1.223612
177.824	1.228263
177.8245	1.22699
177.825	1.224026
177.8255	1.228217
177.826	1.224805
177.8265	1.243361
177.827	1.226159
177.8275	1.23163
177.828	1.228218
177.8285	1.221276
177.829	1.233719
177.8295	1.229956
177.83	1.230806
177.8305	1.218328
177.831	1.228863
177.8315	1.234198
177.832	1.232766
177.8325	1.231488
177.833	1.235693
177.8335	1.228598
177.834	1.230795
177.8345	1.22866
177.835	1.235086
177.8355	1.234303
177.836	1.230508
177.8365	1.227143
177.837	1.235549
177.8375	1.227636
177.838	1.233922
177.8385	1.227114
177.839	1.230112
177.8395	1.236071
177.84	1.23186
177.8405	1.229606
177.841	1.231076
177.8415	1.234001
177.842	1.251044
177.8425	1.234433
177.843	1.23342
177.8435	1.238492
177.844	1.238261
177.8445	1.239495
177.845	1.233127
177.8455	1.230786
177.846	1.233822
177.8465	1.235765
177.847	1.235991
177.8475	1.236198
177.848	1.18265
177.8485	1.237187
177.849	1.239879
177.8495	1.233549
177.85	1.239503
177.8505	1.237496
177.851	1.232689
177.8515	1.23602
177.852	1.238977
177.8525	1.22705
177.853	1.236931
177.8535	1.240664
177.854	1.242536
177.8545	1.234377
177.855	1.233382
177.8555	1.216806
177.856	1.238497
177.8565	1.231975
177.857	1.226285
177.8575	1.226647
177.858	1.226034
177.8585	1.257196
177.859	1.235709
177.8595	1.218122
177.86	1.238626
177.8605	1.234563
177.861	1.240581
177.8615	1.235666
177.862	1.240545
177.8625	1.236729
177.863	1.233469
177.8635	1.235521
177.864	1.238704
177.8645	1.238432
177.865	1.239723
177.8655	1.236897
177.866	1.239577
177.8665	1.236893
177.867	1.241178
177.8675	1.255012
177.868	1.243847
177.8685	1.244052
177.869	1.246023
177.8695	1.241201
177.87	1.245415
177.8705	1.229518
177.871	1.253219
177.8715	1.236424
177.872	1.239571
177.8725	1.23918
177.873	1.239179
177.8735	1.23716
177.874	1.230978
177.8745	1.238412
177.875	1.243859
177.8755	1.239661
177.876	1.236458
177.8765	1.239337
177.877	1.238416
177.8775	1.231679
177.878	1.243607
177.8785	1.241646
177.879	1.236341
177.8795	1.230199
177.88	1.24055
177.8805	1.235673
177.881	1.246515
177.8815	1.23892
177.882	1.216205
177.8825	1.234
177.883	1.239421
177.8835	1.235342
177.884	1.23823
177.8845	1.240923
177.885	1.259623
177.8855	1.242447
177.886	1.232774
177.8865	1.234278
177.887	1.240955
177.8875	1.243156
177.888	1.246545
177.8885	1.247752
177.889	1.250158
177.8895	1.242188
177.89	1.249966
177.8905	1.244187
177.891	1.249199
177.8915	1.2408
177.892	1.245843
177.8925	1.237745
177.893	1.241403
177.8935	1.241008
177.894	1.252965
177.8945	1.246132
177.895	1.246482
177.8955	1.243721
177.896	1.252327
177.8965	1.245419
177.897	1.246179
177.8975	1.239454
177.898	1.243377
177.8985	1.251183
177.899	1.253242
177.8995	1.250981
177.9	1.249696
177.9005	1.248077
177.901	1.246846
177.9015	1.246166
177.902	1.250014
177.9025	1.247788
177.903	1.246346
177.9035	1.247171
177.904	1.24369
177.9045	1.242334
177.905	1.239534
177.9055	1.240444
177.906	1.243961
177.9065	1.232721
177.907	1.247221
177.9075	1.248249
177.908	1.243981
177.9085	1.248428
177.909	1.248529
177.9095	1.250826
177.91	1.245865
177.9105	1.252778
177.911	1.250069
177.9115	1.252826
177.912	1.240724
177.9125	1.244333
177.913	1.247428
177.9135	1.250678
177.914	1.24655
177.9145	1.244985
177.915	1.231134
177.9155	1.243667
177.916	1.248642
177.9165	1.249032
177.917	1.24982
177.9175	1.258596
177.918	1.241185
177.9185	1.245974
177.919	1.23858
177.9195	1.237597
177.92	1.242944
177.9205	1.250991
177.921	1.204233
177.9215	1.251292
177.922	1.246536
177.9225	1.244928
177.923	1.242809
177.9235	1.249577
177.924	1.246545
177.9245	1.241801
177.925	1.242771
177.9255	1.245938
177.926	1.245842
177.9265	1.243255
177.927	1.247641
177.9275	1.250385
177.928	1.241249
177.9285	1.244496
177.929	1.249516
177.9295	1.247462
177.93	1.242191
177.9305	1.245414
177.931	1.246848
177.9315	1.248954
177.932	1.265681
177.9325	1.260553
177.933	1.240297
177.9335	1.240757
177.934	1.247602
177.9345	1.262193
177.935	1.242507
177.9355	1.248995
177.936	1.248833
177.9365	1.240457
177.937	1.239664
177.9375	1.248113
177.938	1.243926
177.9385	1.242999
177.939	1.243524
177.9395	1.24115
177.94	1.245357
177.9405	1.251528
177.941	1.245124
177.9415	1.246452
177.942	1.249258
177.9425	1.248732
177.943	1.23601
177.9435	1.270288
177.944	1.242181
177.9445	1.239439
177.945	1.240661
177.9455	1.238687
177.946	1.238837
177.9465	1.240154
177.947	1.23899
177.9475	1.244788
177.948	1.250516
177.9485	1.249317
177.949	1.247245
177.9495	1.243937
177.95	1.255039
177.9505	1.239301
177.951	1.239273
177.9515	1.240205
177.952	1.240979
177.9525	1.240687
177.953	1.250807
177.9535	1.245548
177.954	1.237591
177.9545	1.2464
177.955	1.246159
177.9555	1.256736
177.956	1.238695
177.9565	1.242448
177.957	1.245752
177.9575	1.240716
177.958	1.242448
177.9585	1.227328
177.959	1.241166
177.9595	1.246054
177.96	1.245816
177.9605	1.242444
177.961	1.242343
177.9615	1.243492
177.962	1.242043
177.9625	1.240419
177.963	1.238787
177.9635	1.247813
177.964	1.208174
177.9645	1.245168
177.965	1.227045
177.9655	1.245512
177.966	1.257664
177.9665	1.254582
177.967	1.245721
177.9675	1.220483
177.968	1.243619
177.9685	1.246036
177.969	1.239992
177.9695	1.244515
177.97	1.241599
177.9705	1.238522
177.971	1.232114
177.9715	1.236162
177.972	1.247727
177.9725	1.236019
177.973	1.250662
177.9735	1.237943
177.974	1.250083
177.9745	1.23602
177.975	1.235406
177.9755	1.238823
177.976	1.244846
177.9765	1.257951
177.977	1.237954
177.9775	1.249037
177.978	1.245751
177.9785	1.24638
177.979	1.264366
177.9795	1.244252
177.98	1.243768
177.9805	1.246026
177.981	1.246796
177.9815	1.252346
177.982	1.244781
177.9825	1.233497
177.983	1.239996
177.9835	1.242363
177.984	1.244445
177.9845	1.246268
177.985	1.238962
177.9855	1.25144
177.986	1.243888
177.9865	1.241556
177.987	1.241687
177.9875	1.264832
177.988	1.238503
177.9885	1.240887
177.989	1.237579
177.9895	1.240945
177.99	1.244988
177.9905	1.245987
177.991	1.253298
177.9915	1.256241
177.992	1.237314
177.9925	1.241581
177.993	1.241472
177.9935	1.247041
177.994	1.232698
177.9945	1.239846
177.995	1.249209
177.9955	1.244643
177.996	1.247375
177.9965	1.249006
177.997	1.235259
177.9975	1.24026
177.998	1.25184
177.9985	1.251084
177.999	1.247822
177.9995	1.250284
178	1.244115
